5.000049999999999217e-01 5.000050000000000328e-01 7.525758511527575578e+00
5.000049999999999217e-01 1.500015000000000098e+00 9.911639718333468352e+00
5.000049999999999217e-01 2.500024999999999942e+00 1.073847131182256831e+01
5.000049999999999217e-01 3.500035000000000451e+00 9.613390869875656719e+00
5.000049999999999217e-01 4.500045000000000073e+00 8.851994695646023814e+00
5.000049999999999217e-01 5.500055000000000582e+00 8.925343922775757832e+00
5.000049999999999217e-01 6.500065000000000204e+00 7.810888256261502960e+00
5.000049999999999217e-01 7.500075000000000713e+00 7.587338165825670444e+00
5.000049999999999217e-01 8.500085000000000335e+00 7.122033082336733045e+00
5.000049999999999217e-01 9.500094999999999956e+00 6.369717784942272587e+00
5.000049999999999217e-01 1.050010500000000135e+01 5.669573710447376236e+00
5.000049999999999217e-01 1.150011500000000098e+01 5.218886559620271370e+00
5.000049999999999217e-01 1.250012500000000060e+01 4.879046321583128787e+00
5.000049999999999217e-01 1.350013500000000022e+01 4.500594966967911503e+00
5.000049999999999217e-01 1.450014500000000162e+01 4.087632702249909933e+00
5.000049999999999217e-01 1.550015500000000124e+01 3.863524461629525231e+00
5.000049999999999217e-01 1.650016500000000264e+01 3.592923538828627361e+00
5.000049999999999217e-01 1.750017500000000226e+01 3.341552968260830259e+00
5.000049999999999217e-01 1.850018500000000188e+01 3.146001460452496179e+00
5.000049999999999217e-01 1.950019500000000150e+01 2.896461514628796419e+00
5.000049999999999217e-01 2.050020500000000112e+01 2.744115063859122738e+00
5.000049999999999217e-01 2.150021500000000074e+01 2.584030179017593465e+00
5.000049999999999217e-01 2.250022500000000036e+01 2.471380990690225321e+00
5.000049999999999217e-01 2.350023499999999999e+01 2.427413242761917722e+00
5.000049999999999217e-01 2.450024500000000316e+01 2.388807388492512729e+00
5.000049999999999217e-01 2.550025500000000278e+01 2.383626357847631994e+00
5.000049999999999217e-01 2.650026500000000240e+01 2.387979937650778872e+00
5.000049999999999217e-01 2.750027500000000202e+01 2.406715528957902528e+00
5.000049999999999217e-01 2.850028500000000165e+01 2.424570558410538368e+00
5.000049999999999217e-01 2.950029500000000127e+01 2.455218150630247731e+00
5.000049999999999217e-01 3.050030500000000089e+01 2.495067635299292430e+00
5.000049999999999217e-01 3.150031500000000051e+01 2.587548945685590240e+00
5.000049999999999217e-01 3.250032500000000368e+01 2.702391791898715034e+00
5.000049999999999217e-01 3.350033499999999975e+01 2.843273755454554408e+00
5.000049999999999217e-01 3.450034500000000293e+01 3.054304898268821233e+00
5.000049999999999217e-01 3.550035499999999900e+01 3.296796540585535507e+00
5.000049999999999217e-01 3.650036500000000217e+01 3.549899279704895161e+00
5.000049999999999217e-01 3.750037500000000534e+01 3.851106917820511288e+00
5.000049999999999217e-01 3.850038500000000141e+01 4.239647774966012861e+00
5.000049999999999217e-01 3.950039500000000459e+01 4.501790445642281924e+00
5.000049999999999217e-01 4.050040500000000065e+01 4.779831010256438084e+00
5.000049999999999217e-01 4.150041500000000383e+01 5.155468296910761694e+00
5.000049999999999217e-01 4.250042499999999990e+01 5.826174044673464891e+00
5.000049999999999217e-01 4.350043500000000307e+01 5.794911683409468495e+00
5.000049999999999217e-01 4.450044500000000625e+01 6.897113816027347966e+00
5.000049999999999217e-01 4.550045500000000231e+01 7.885775419101796579e+00
5.000049999999999217e-01 4.650046500000000549e+01 7.070822144965271505e+00
5.000049999999999217e-01 4.750047500000000156e+01 7.689749720860620030e+00
5.000049999999999217e-01 4.850048500000000473e+01 1.305951832221116682e+01
5.000049999999999217e-01 4.950049500000000080e+01 1.305951832221116682e+01
1.500014999999999876e+00 5.000050000000000328e-01 1.132042659097798776e+01
1.500014999999999876e+00 1.500015000000000098e+00 1.144050338803552158e+01
1.500014999999999876e+00 2.500024999999999942e+00 1.155610842536563965e+01
1.500014999999999876e+00 3.500035000000000451e+00 1.109028048319910020e+01
1.500014999999999876e+00 4.500045000000000073e+00 1.059402459560701537e+01
1.500014999999999876e+00 5.500055000000000582e+00 1.088013317019191284e+01
1.500014999999999876e+00 6.500065000000000204e+00 1.013298776372546151e+01
1.500014999999999876e+00 7.500075000000000713e+00 9.442810503095513397e+00
1.500014999999999876e+00 8.500085000000000335e+00 9.523688781496343125e+00
1.500014999999999876e+00 9.500094999999999956e+00 7.702807964385681494e+00
1.500014999999999876e+00 1.050010500000000135e+01 7.130329847305204360e+00
1.500014999999999876e+00 1.150011500000000098e+01 6.777761717182791301e+00
1.500014999999999876e+00 1.250012500000000060e+01 6.407275599268640320e+00
1.500014999999999876e+00 1.350013500000000022e+01 6.058017685703710242e+00
1.500014999999999876e+00 1.450014500000000162e+01 5.703847586781954249e+00
1.500014999999999876e+00 1.550015500000000124e+01 5.031056611108424725e+00
1.500014999999999876e+00 1.650016500000000264e+01 4.692449142766252912e+00
1.500014999999999876e+00 1.750017500000000226e+01 4.315509640321407936e+00
1.500014999999999876e+00 1.850018500000000188e+01 4.001038258582246598e+00
1.500014999999999876e+00 1.950019500000000150e+01 3.707966012837369707e+00
1.500014999999999876e+00 2.050020500000000112e+01 3.476893250606118979e+00
1.500014999999999876e+00 2.150021500000000074e+01 3.312383014325440911e+00
1.500014999999999876e+00 2.250022500000000036e+01 3.167253259645969266e+00
1.500014999999999876e+00 2.350023499999999999e+01 3.073457820696473775e+00
1.500014999999999876e+00 2.450024500000000316e+01 3.030455869611000885e+00
1.500014999999999876e+00 2.550025500000000278e+01 2.963944903942401954e+00
1.500014999999999876e+00 2.650026500000000240e+01 2.904810884230597523e+00
1.500014999999999876e+00 2.750027500000000202e+01 2.818204552477006963e+00
1.500014999999999876e+00 2.850028500000000165e+01 2.787891326954760718e+00
1.500014999999999876e+00 2.950029500000000127e+01 2.746583273447605666e+00
1.500014999999999876e+00 3.050030500000000089e+01 2.725677723757240045e+00
1.500014999999999876e+00 3.150031500000000051e+01 2.775950708445747761e+00
1.500014999999999876e+00 3.250032500000000368e+01 2.848021975645568915e+00
1.500014999999999876e+00 3.350033499999999975e+01 3.000648127635265006e+00
1.500014999999999876e+00 3.450034500000000293e+01 3.158086080243284410e+00
1.500014999999999876e+00 3.550035499999999900e+01 3.326997971632844830e+00
1.500014999999999876e+00 3.650036500000000217e+01 3.689117572462325079e+00
1.500014999999999876e+00 3.750037500000000534e+01 3.955754407204696399e+00
1.500014999999999876e+00 3.850038500000000141e+01 4.310769964685230882e+00
1.500014999999999876e+00 3.950039500000000459e+01 4.667224258701287098e+00
1.500014999999999876e+00 4.050040500000000065e+01 5.122705992641484407e+00
1.500014999999999876e+00 4.150041500000000383e+01 5.553753885680793978e+00
1.500014999999999876e+00 4.250042499999999990e+01 5.685571215738193906e+00
1.500014999999999876e+00 4.350043500000000307e+01 6.725646345585145625e+00
1.500014999999999876e+00 4.450044500000000625e+01 6.522241055158151113e+00
1.500014999999999876e+00 4.550045500000000231e+01 7.759895213613040355e+00
1.500014999999999876e+00 4.650046500000000549e+01 1.305951832221116682e+01
1.500014999999999876e+00 4.750047500000000156e+01 1.305951832221116682e+01
1.500014999999999876e+00 4.850048500000000473e+01 1.305951832221116682e+01
1.500014999999999876e+00 4.950049500000000080e+01 1.305951832221116682e+01
2.500024999999999498e+00 5.000050000000000328e-01 1.209156368294413042e+01
2.500024999999999498e+00 1.500015000000000098e+00 1.200123261416224096e+01
2.500024999999999498e+00 2.500024999999999942e+00 1.201855087168300606e+01
2.500024999999999498e+00 3.500035000000000451e+00 1.096620624826288903e+01
2.500024999999999498e+00 4.500045000000000073e+00 1.160150423231779371e+01
2.500024999999999498e+00 5.500055000000000582e+00 1.067378540477854898e+01
2.500024999999999498e+00 6.500065000000000204e+00 1.010584538534463483e+01
2.500024999999999498e+00 7.500075000000000713e+00 9.830883219885500068e+00
2.500024999999999498e+00 8.500085000000000335e+00 9.908149624835317582e+00
2.500024999999999498e+00 9.500094999999999956e+00 8.571434939140637255e+00
2.500024999999999498e+00 1.050010500000000135e+01 7.301628773606407385e+00
2.500024999999999498e+00 1.150011500000000098e+01 6.731822893911524552e+00
2.500024999999999498e+00 1.250012500000000060e+01 6.135884543494062981e+00
2.500024999999999498e+00 1.350013500000000022e+01 5.725075559732814234e+00
2.500024999999999498e+00 1.450014500000000162e+01 5.415225055724974368e+00
2.500024999999999498e+00 1.550015500000000124e+01 4.983589712647315650e+00
2.500024999999999498e+00 1.650016500000000264e+01 4.565622802351042786e+00
2.500024999999999498e+00 1.750017500000000226e+01 4.249434180216766777e+00
2.500024999999999498e+00 1.850018500000000188e+01 3.989789686185818418e+00
2.500024999999999498e+00 1.950019500000000150e+01 3.737837690001822644e+00
2.500024999999999498e+00 2.050020500000000112e+01 3.575356265012408219e+00
2.500024999999999498e+00 2.150021500000000074e+01 3.455415679858827804e+00
2.500024999999999498e+00 2.250022500000000036e+01 3.361398421005390436e+00
2.500024999999999498e+00 2.350023499999999999e+01 3.260580718551101320e+00
2.500024999999999498e+00 2.450024500000000316e+01 3.225591550935638097e+00
2.500024999999999498e+00 2.550025500000000278e+01 3.114291766270476991e+00
2.500024999999999498e+00 2.650026500000000240e+01 3.053763514200307227e+00
2.500024999999999498e+00 2.750027500000000202e+01 2.959672733630593022e+00
2.500024999999999498e+00 2.850028500000000165e+01 2.891086377383827788e+00
2.500024999999999498e+00 2.950029500000000127e+01 2.848236644770157699e+00
2.500024999999999498e+00 3.050030500000000089e+01 2.832083717850772953e+00
2.500024999999999498e+00 3.150031500000000051e+01 2.853733416036646542e+00
2.500024999999999498e+00 3.250032500000000368e+01 2.929231236878103495e+00
2.500024999999999498e+00 3.350033499999999975e+01 3.023369331879157240e+00
2.500024999999999498e+00 3.450034500000000293e+01 3.184283285196880087e+00
2.500024999999999498e+00 3.550035499999999900e+01 3.413481034753437005e+00
2.500024999999999498e+00 3.650036500000000217e+01 3.612609117005402215e+00
2.500024999999999498e+00 3.750037500000000534e+01 3.945168888952747199e+00
2.500024999999999498e+00 3.850038500000000141e+01 4.239329375948963197e+00
2.500024999999999498e+00 3.950039500000000459e+01 4.605519800964831489e+00
2.500024999999999498e+00 4.050040500000000065e+01 5.162614880866067679e+00
2.500024999999999498e+00 4.150041500000000383e+01 5.184911871663008931e+00
2.500024999999999498e+00 4.250042499999999990e+01 5.919418013309174498e+00
2.500024999999999498e+00 4.350043500000000307e+01 6.699878715112337346e+00
2.500024999999999498e+00 4.450044500000000625e+01 6.503815754590096532e+00
2.500024999999999498e+00 4.550045500000000231e+01 6.491982890243514603e+00
2.500024999999999498e+00 4.650046500000000549e+01 7.352229533803701145e+00
2.500024999999999498e+00 4.750047500000000156e+01 8.206650381386733528e+00
2.500024999999999498e+00 4.850048500000000473e+01 1.305951832221116682e+01
2.500024999999999498e+00 4.950049500000000080e+01 1.305951832221116682e+01
3.500034999999999563e+00 5.000050000000000328e-01 1.219413346974750390e+01
3.500034999999999563e+00 1.500015000000000098e+00 1.243807983130459149e+01
3.500034999999999563e+00 2.500024999999999942e+00 1.265439893559286411e+01
3.500034999999999563e+00 3.500035000000000451e+00 1.255717192171654695e+01
3.500034999999999563e+00 4.500045000000000073e+00 1.175449893440706717e+01
3.500034999999999563e+00 5.500055000000000582e+00 1.161811492459488271e+01
3.500034999999999563e+00 6.500065000000000204e+00 1.007736437670514995e+01
3.500034999999999563e+00 7.500075000000000713e+00 8.898869023353164209e+00
3.500034999999999563e+00 8.500085000000000335e+00 9.256070841956880457e+00
3.500034999999999563e+00 9.500094999999999956e+00 8.015713569001759353e+00
3.500034999999999563e+00 1.050010500000000135e+01 8.147188487017650971e+00
3.500034999999999563e+00 1.150011500000000098e+01 7.159876954945062266e+00
3.500034999999999563e+00 1.250012500000000060e+01 6.451004599887106394e+00
3.500034999999999563e+00 1.350013500000000022e+01 5.896266994061307720e+00
3.500034999999999563e+00 1.450014500000000162e+01 5.699535184936503462e+00
3.500034999999999563e+00 1.550015500000000124e+01 5.411510191701601080e+00
3.500034999999999563e+00 1.650016500000000264e+01 5.038867707100989968e+00
3.500034999999999563e+00 1.750017500000000226e+01 4.757415485739945105e+00
3.500034999999999563e+00 1.850018500000000188e+01 4.498476336261950870e+00
3.500034999999999563e+00 1.950019500000000150e+01 4.306234230175606470e+00
3.500034999999999563e+00 2.050020500000000112e+01 4.182896443884038362e+00
3.500034999999999563e+00 2.150021500000000074e+01 4.035936771977386428e+00
3.500034999999999563e+00 2.250022500000000036e+01 3.983680139191807967e+00
3.500034999999999563e+00 2.350023499999999999e+01 3.879272461002669647e+00
3.500034999999999563e+00 2.450024500000000316e+01 3.845167775404405575e+00
3.500034999999999563e+00 2.550025500000000278e+01 3.733866227307481189e+00
3.500034999999999563e+00 2.650026500000000240e+01 3.625613693608949362e+00
3.500034999999999563e+00 2.750027500000000202e+01 3.501450044276496421e+00
3.500034999999999563e+00 2.850028500000000165e+01 3.341120325562366489e+00
3.500034999999999563e+00 2.950029500000000127e+01 3.260189487828801802e+00
3.500034999999999563e+00 3.050030500000000089e+01 3.216366830271784494e+00
3.500034999999999563e+00 3.150031500000000051e+01 3.169015929318812486e+00
3.500034999999999563e+00 3.250032500000000368e+01 3.205166288931807550e+00
3.500034999999999563e+00 3.350033499999999975e+01 3.277056811550196347e+00
3.500034999999999563e+00 3.450034500000000293e+01 3.353259137153501435e+00
3.500034999999999563e+00 3.550035499999999900e+01 3.539275467262260388e+00
3.500034999999999563e+00 3.650036500000000217e+01 3.763081874761081913e+00
3.500034999999999563e+00 3.750037500000000534e+01 4.052359253221819557e+00
3.500034999999999563e+00 3.850038500000000141e+01 4.403269591912912340e+00
3.500034999999999563e+00 3.950039500000000459e+01 4.622851014630582789e+00
3.500034999999999563e+00 4.050040500000000065e+01 5.082761188834589383e+00
3.500034999999999563e+00 4.150041500000000383e+01 5.438154831170823655e+00
3.500034999999999563e+00 4.250042499999999990e+01 5.784090186755796559e+00
3.500034999999999563e+00 4.350043500000000307e+01 6.513539944256439895e+00
3.500034999999999563e+00 4.450044500000000625e+01 7.137217405388787128e+00
3.500034999999999563e+00 4.550045500000000231e+01 7.331491715407476129e+00
3.500034999999999563e+00 4.650046500000000549e+01 7.633067795530081412e+00
3.500034999999999563e+00 4.750047500000000156e+01 1.305951832221116682e+01
3.500034999999999563e+00 4.850048500000000473e+01 1.305951832221116682e+01
3.500034999999999563e+00 4.950049500000000080e+01 7.633067795530081412e+00
4.500044999999999185e+00 5.000050000000000328e-01 1.191377706194684549e+01
4.500044999999999185e+00 1.500015000000000098e+00 1.280682978659024585e+01
4.500044999999999185e+00 2.500024999999999942e+00 1.305951832221116682e+01
4.500044999999999185e+00 3.500035000000000451e+00 1.204293005551473428e+01
4.500044999999999185e+00 4.500045000000000073e+00 1.169694217829024119e+01
4.500044999999999185e+00 5.500055000000000582e+00 1.136489644341807370e+01
4.500044999999999185e+00 6.500065000000000204e+00 1.189149927944936636e+01
4.500044999999999185e+00 7.500075000000000713e+00 9.598695040552881252e+00
4.500044999999999185e+00 8.500085000000000335e+00 8.721473272132399757e+00
4.500044999999999185e+00 9.500094999999999956e+00 8.563867161139189221e+00
4.500044999999999185e+00 1.050010500000000135e+01 8.264742880876662312e+00
4.500044999999999185e+00 1.150011500000000098e+01 7.100552037559029195e+00
4.500044999999999185e+00 1.250012500000000060e+01 7.679813294887138930e+00
4.500044999999999185e+00 1.350013500000000022e+01 6.974629574742897020e+00
4.500044999999999185e+00 1.450014500000000162e+01 6.849869133077847394e+00
4.500044999999999185e+00 1.550015500000000124e+01 6.832255959893841712e+00
4.500044999999999185e+00 1.650016500000000264e+01 6.157654091121613327e+00
4.500044999999999185e+00 1.750017500000000226e+01 5.912878715681471498e+00
4.500044999999999185e+00 1.850018500000000188e+01 5.594686479829289460e+00
4.500044999999999185e+00 1.950019500000000150e+01 5.328450286333231922e+00
4.500044999999999185e+00 2.050020500000000112e+01 5.100842471022290603e+00
4.500044999999999185e+00 2.150021500000000074e+01 4.765484739965254235e+00
4.500044999999999185e+00 2.250022500000000036e+01 4.625161591726045351e+00
4.500044999999999185e+00 2.350023499999999999e+01 4.601533969923668366e+00
4.500044999999999185e+00 2.450024500000000316e+01 4.428820599364412303e+00
4.500044999999999185e+00 2.550025500000000278e+01 4.278029164327572076e+00
4.500044999999999185e+00 2.650026500000000240e+01 4.083869567895544783e+00
4.500044999999999185e+00 2.750027500000000202e+01 3.905659202017060849e+00
4.500044999999999185e+00 2.850028500000000165e+01 3.709754787861328840e+00
4.500044999999999185e+00 2.950029500000000127e+01 3.629814787122259911e+00
4.500044999999999185e+00 3.050030500000000089e+01 3.538842036499526778e+00
4.500044999999999185e+00 3.150031500000000051e+01 3.457724527302531214e+00
4.500044999999999185e+00 3.250032500000000368e+01 3.417811070957907482e+00
4.500044999999999185e+00 3.350033499999999975e+01 3.529985485630286135e+00
4.500044999999999185e+00 3.450034500000000293e+01 3.606888133344306357e+00
4.500044999999999185e+00 3.550035499999999900e+01 3.745486652685423579e+00
4.500044999999999185e+00 3.650036500000000217e+01 3.961809327310976236e+00
4.500044999999999185e+00 3.750037500000000534e+01 4.218507240626835575e+00
4.500044999999999185e+00 3.850038500000000141e+01 4.472074659171449085e+00
4.500044999999999185e+00 3.950039500000000459e+01 4.834490738243426122e+00
4.500044999999999185e+00 4.050040500000000065e+01 5.252836434520378184e+00
4.500044999999999185e+00 4.150041500000000383e+01 5.541275927782234767e+00
4.500044999999999185e+00 4.250042499999999990e+01 5.981153478687671665e+00
4.500044999999999185e+00 4.350043500000000307e+01 5.961816073421107198e+00
4.500044999999999185e+00 4.450044500000000625e+01 6.544375317883790899e+00
4.500044999999999185e+00 4.550045500000000231e+01 6.835459122976187629e+00
4.500044999999999185e+00 4.650046500000000549e+01 7.564817317470784452e+00
4.500044999999999185e+00 4.750047500000000156e+01 7.985384718696888484e+00
4.500044999999999185e+00 4.850048500000000473e+01 1.305951832221116682e+01
4.500044999999999185e+00 4.950049500000000080e+01 1.305951832221116682e+01
5.500054999999998806e+00 5.000050000000000328e-01 1.146524116909372104e+01
5.500054999999998806e+00 1.500015000000000098e+00 1.279607921365698076e+01
5.500054999999998806e+00 2.500024999999999942e+00 1.201729352532504436e+01
5.500054999999998806e+00 3.500035000000000451e+00 1.192771331744876129e+01
5.500054999999998806e+00 4.500045000000000073e+00 1.016316608449250225e+01
5.500054999999998806e+00 5.500055000000000582e+00 9.376618477802477258e+00
5.500054999999998806e+00 6.500065000000000204e+00 1.063467632779071437e+01
5.500054999999998806e+00 7.500075000000000713e+00 8.969322461139304536e+00
5.500054999999998806e+00 8.500085000000000335e+00 8.051034283334908892e+00
5.500054999999998806e+00 9.500094999999999956e+00 8.281776132548031910e+00
5.500054999999998806e+00 1.050010500000000135e+01 7.612389679710911849e+00
5.500054999999998806e+00 1.150011500000000098e+01 7.984076935872015390e+00
5.500054999999998806e+00 1.250012500000000060e+01 7.054141682902600685e+00
5.500054999999998806e+00 1.350013500000000022e+01 7.201221689335654652e+00
5.500054999999998806e+00 1.450014500000000162e+01 7.141129991734887383e+00
5.500054999999998806e+00 1.550015500000000124e+01 6.906205201646015368e+00
5.500054999999998806e+00 1.650016500000000264e+01 7.449572849625434756e+00
5.500054999999998806e+00 1.750017500000000226e+01 7.354020595495317281e+00
5.500054999999998806e+00 1.850018500000000188e+01 6.288650213408231160e+00
5.500054999999998806e+00 1.950019500000000150e+01 5.747159620283915693e+00
5.500054999999998806e+00 2.050020500000000112e+01 5.798252941126287752e+00
5.500054999999998806e+00 2.150021500000000074e+01 5.466143183928150684e+00
5.500054999999998806e+00 2.250022500000000036e+01 5.249836386960286205e+00
5.500054999999998806e+00 2.350023499999999999e+01 5.184847261172753186e+00
5.500054999999998806e+00 2.450024500000000316e+01 4.846221038579090923e+00
5.500054999999998806e+00 2.550025500000000278e+01 4.750354056296247407e+00
5.500054999999998806e+00 2.650026500000000240e+01 4.682691540989291745e+00
5.500054999999998806e+00 2.750027500000000202e+01 4.413860979580008781e+00
5.500054999999998806e+00 2.850028500000000165e+01 4.266127745325881904e+00
5.500054999999998806e+00 2.950029500000000127e+01 4.033072744242918617e+00
5.500054999999998806e+00 3.050030500000000089e+01 3.933701125939891519e+00
5.500054999999998806e+00 3.150031500000000051e+01 3.896209519477623395e+00
5.500054999999998806e+00 3.250032500000000368e+01 3.937545824476774481e+00
5.500054999999998806e+00 3.350033499999999975e+01 3.878463757960339819e+00
5.500054999999998806e+00 3.450034500000000293e+01 3.972934698418384425e+00
5.500054999999998806e+00 3.550035499999999900e+01 4.126666748892970027e+00
5.500054999999998806e+00 3.650036500000000217e+01 4.251807057030882575e+00
5.500054999999998806e+00 3.750037500000000534e+01 4.585462106821786676e+00
5.500054999999998806e+00 3.850038500000000141e+01 4.759513692571415433e+00
5.500054999999998806e+00 3.950039500000000459e+01 5.090960894852716301e+00
5.500054999999998806e+00 4.050040500000000065e+01 5.307978556448671448e+00
5.500054999999998806e+00 4.150041500000000383e+01 5.570235777558331769e+00
5.500054999999998806e+00 4.250042499999999990e+01 5.987927484022895541e+00
5.500054999999998806e+00 4.350043500000000307e+01 5.936786850729535381e+00
5.500054999999998806e+00 4.450044500000000625e+01 7.142543143774331860e+00
5.500054999999998806e+00 4.550045500000000231e+01 7.330637861656201792e+00
5.500054999999998806e+00 4.650046500000000549e+01 7.376950376601719483e+00
5.500054999999998806e+00 4.750047500000000156e+01 1.305951832221116682e+01
5.500054999999998806e+00 4.850048500000000473e+01 1.305951832221116682e+01
5.500054999999998806e+00 4.950049500000000080e+01 1.305951832221116682e+01
6.500064999999999316e+00 5.000050000000000328e-01 1.054877377115083270e+01
6.500064999999999316e+00 1.500015000000000098e+00 1.079102837928456893e+01
6.500064999999999316e+00 2.500024999999999942e+00 1.208051512353837253e+01
6.500064999999999316e+00 3.500035000000000451e+00 1.133141057903230475e+01
6.500064999999999316e+00 4.500045000000000073e+00 9.137867286547773915e+00
6.500064999999999316e+00 5.500055000000000582e+00 1.185333861640023301e+01
6.500064999999999316e+00 6.500065000000000204e+00 8.771381739043347281e+00
6.500064999999999316e+00 7.500075000000000713e+00 7.859242047464767289e+00
6.500064999999999316e+00 8.500085000000000335e+00 7.210752566243181505e+00
6.500064999999999316e+00 9.500094999999999956e+00 7.550270785516783434e+00
6.500064999999999316e+00 1.050010500000000135e+01 7.240762669003108165e+00
6.500064999999999316e+00 1.150011500000000098e+01 7.448115564331686755e+00
6.500064999999999316e+00 1.250012500000000060e+01 7.011607982016806240e+00
6.500064999999999316e+00 1.350013500000000022e+01 6.758204322592066049e+00
6.500064999999999316e+00 1.450014500000000162e+01 6.740100871088753109e+00
6.500064999999999316e+00 1.550015500000000124e+01 6.536037411405592579e+00
6.500064999999999316e+00 1.650016500000000264e+01 6.686803498067265039e+00
6.500064999999999316e+00 1.750017500000000226e+01 6.316338592116768957e+00
6.500064999999999316e+00 1.850018500000000188e+01 6.315717038028266117e+00
6.500064999999999316e+00 1.950019500000000150e+01 6.256079717755891778e+00
6.500064999999999316e+00 2.050020500000000112e+01 5.851209455890577615e+00
6.500064999999999316e+00 2.150021500000000074e+01 5.502740922594383299e+00
6.500064999999999316e+00 2.250022500000000036e+01 5.311973511279826532e+00
6.500064999999999316e+00 2.350023499999999999e+01 5.165346409441194275e+00
6.500064999999999316e+00 2.450024500000000316e+01 4.954132581700340765e+00
6.500064999999999316e+00 2.550025500000000278e+01 4.871805637802448352e+00
6.500064999999999316e+00 2.650026500000000240e+01 4.874110453411215182e+00
6.500064999999999316e+00 2.750027500000000202e+01 4.747422593380870914e+00
6.500064999999999316e+00 2.850028500000000165e+01 4.733495915178594693e+00
6.500064999999999316e+00 2.950029500000000127e+01 4.516722064470677367e+00
6.500064999999999316e+00 3.050030500000000089e+01 4.445258582576358641e+00
6.500064999999999316e+00 3.150031500000000051e+01 4.421806482344587508e+00
6.500064999999999316e+00 3.250032500000000368e+01 4.519433480661136038e+00
6.500064999999999316e+00 3.350033499999999975e+01 4.414754670117876145e+00
6.500064999999999316e+00 3.450034500000000293e+01 4.593443692572700243e+00
6.500064999999999316e+00 3.550035499999999900e+01 4.651075970212281696e+00
6.500064999999999316e+00 3.650036500000000217e+01 4.769258686490180921e+00
6.500064999999999316e+00 3.750037500000000534e+01 5.058094121011674105e+00
6.500064999999999316e+00 3.850038500000000141e+01 5.192595301923961237e+00
6.500064999999999316e+00 3.950039500000000459e+01 5.310683509637210697e+00
6.500064999999999316e+00 4.050040500000000065e+01 5.719780099872504131e+00
6.500064999999999316e+00 4.150041500000000383e+01 5.906612870514620361e+00
6.500064999999999316e+00 4.250042499999999990e+01 6.517767065087757494e+00
6.500064999999999316e+00 4.350043500000000307e+01 6.657592889807784076e+00
6.500064999999999316e+00 4.450044500000000625e+01 6.429718518904669722e+00
6.500064999999999316e+00 4.550045500000000231e+01 1.305951832221116682e+01
6.500064999999999316e+00 4.650046500000000549e+01 1.305951832221116682e+01
6.500064999999999316e+00 4.750047500000000156e+01 1.305951832221116682e+01
6.500064999999999316e+00 4.850048500000000473e+01 1.305951832221116682e+01
6.500064999999999316e+00 4.950049500000000080e+01 1.305951832221116682e+01
7.500074999999998937e+00 5.000050000000000328e-01 1.035034097767067784e+01
7.500074999999998937e+00 1.500015000000000098e+00 1.301845180133707913e+01
7.500074999999998937e+00 2.500024999999999942e+00 1.137855682642462618e+01
7.500074999999998937e+00 3.500035000000000451e+00 1.086278161291692435e+01
7.500074999999998937e+00 4.500045000000000073e+00 1.117484742794795771e+01
7.500074999999998937e+00 5.500055000000000582e+00 9.870595066237468629e+00
7.500074999999998937e+00 6.500065000000000204e+00 9.403921425211075658e+00
7.500074999999998937e+00 7.500075000000000713e+00 7.754182645822564446e+00
7.500074999999998937e+00 8.500085000000000335e+00 7.868755116171109343e+00
7.500074999999998937e+00 9.500094999999999956e+00 6.977239573142190565e+00
7.500074999999998937e+00 1.050010500000000135e+01 6.632644595025375622e+00
7.500074999999998937e+00 1.150011500000000098e+01 6.599617718326610039e+00
7.500074999999998937e+00 1.250012500000000060e+01 6.809556748894683764e+00
7.500074999999998937e+00 1.350013500000000022e+01 6.135172063848846946e+00
7.500074999999998937e+00 1.450014500000000162e+01 6.055034997474112224e+00
7.500074999999998937e+00 1.550015500000000124e+01 6.557000851517219786e+00
7.500074999999998937e+00 1.650016500000000264e+01 6.262433250918183703e+00
7.500074999999998937e+00 1.750017500000000226e+01 5.950281828306113852e+00
7.500074999999998937e+00 1.850018500000000188e+01 6.150760814717735947e+00
7.500074999999998937e+00 1.950019500000000150e+01 5.543527803019857814e+00
7.500074999999998937e+00 2.050020500000000112e+01 5.367935662603343872e+00
7.500074999999998937e+00 2.150021500000000074e+01 5.094149376325764145e+00
7.500074999999998937e+00 2.250022500000000036e+01 5.045086301623662450e+00
7.500074999999998937e+00 2.350023499999999999e+01 4.839414835299707285e+00
7.500074999999998937e+00 2.450024500000000316e+01 4.765014350408343979e+00
7.500074999999998937e+00 2.550025500000000278e+01 4.671594229232906237e+00
7.500074999999998937e+00 2.650026500000000240e+01 4.706733091239983402e+00
7.500074999999998937e+00 2.750027500000000202e+01 4.605331655701971449e+00
7.500074999999998937e+00 2.850028500000000165e+01 4.593365793577676826e+00
7.500074999999998937e+00 2.950029500000000127e+01 4.590759863405965646e+00
7.500074999999998937e+00 3.050030500000000089e+01 4.681573106157384423e+00
7.500074999999998937e+00 3.150031500000000051e+01 4.625562729635689152e+00
7.500074999999998937e+00 3.250032500000000368e+01 4.797190843577797459e+00
7.500074999999998937e+00 3.350033499999999975e+01 4.826309546288090502e+00
7.500074999999998937e+00 3.450034500000000293e+01 4.844384892965772238e+00
7.500074999999998937e+00 3.550035499999999900e+01 5.109420485065236939e+00
7.500074999999998937e+00 3.650036500000000217e+01 5.142774389147205305e+00
7.500074999999998937e+00 3.750037500000000534e+01 5.482257032263960106e+00
7.500074999999998937e+00 3.850038500000000141e+01 5.869784459739986637e+00
7.500074999999998937e+00 3.950039500000000459e+01 5.871081237194590408e+00
7.500074999999998937e+00 4.050040500000000065e+01 6.095054035948203719e+00
7.500074999999998937e+00 4.150041500000000383e+01 6.477672146391695307e+00
7.500074999999998937e+00 4.250042499999999990e+01 6.862636948489110544e+00
7.500074999999998937e+00 4.350043500000000307e+01 7.863861713963792077e+00
7.500074999999998937e+00 4.450044500000000625e+01 1.305951832221116682e+01
7.500074999999998937e+00 4.550045500000000231e+01 1.305951832221116682e+01
7.500074999999998937e+00 4.650046500000000549e+01 1.305951832221116682e+01
7.500074999999998937e+00 4.750047500000000156e+01 1.305951832221116682e+01
7.500074999999998937e+00 4.850048500000000473e+01 1.305951832221116682e+01
7.500074999999998937e+00 4.950049500000000080e+01 1.305951832221116682e+01
8.500084999999998558e+00 5.000050000000000328e-01 9.812306377891605536e+00
8.500084999999998558e+00 1.500015000000000098e+00 1.206388492038292704e+01
8.500084999999998558e+00 2.500024999999999942e+00 1.053403979355425513e+01
8.500084999999998558e+00 3.500035000000000451e+00 9.401873546620686639e+00
8.500084999999998558e+00 4.500045000000000073e+00 8.933592131820255133e+00
8.500084999999998558e+00 5.500055000000000582e+00 8.324039224220818767e+00
8.500084999999998558e+00 6.500065000000000204e+00 8.169147316574598250e+00
8.500084999999998558e+00 7.500075000000000713e+00 7.481107833512419703e+00
8.500084999999998558e+00 8.500085000000000335e+00 6.953451462640034109e+00
8.500084999999998558e+00 9.500094999999999956e+00 6.900603223788661644e+00
8.500084999999998558e+00 1.050010500000000135e+01 6.420503941711730000e+00
8.500084999999998558e+00 1.150011500000000098e+01 6.421877470328645643e+00
8.500084999999998558e+00 1.250012500000000060e+01 5.955934171377094799e+00
8.500084999999998558e+00 1.350013500000000022e+01 6.175271602432958140e+00
8.500084999999998558e+00 1.450014500000000162e+01 5.754233366934305316e+00
8.500084999999998558e+00 1.550015500000000124e+01 5.964257864902865691e+00
8.500084999999998558e+00 1.650016500000000264e+01 6.156482878655927138e+00
8.500084999999998558e+00 1.750017500000000226e+01 5.581614335463334520e+00
8.500084999999998558e+00 1.850018500000000188e+01 5.446822981409343178e+00
8.500084999999998558e+00 1.950019500000000150e+01 5.275856836875498779e+00
8.500084999999998558e+00 2.050020500000000112e+01 5.010360498610178404e+00
8.500084999999998558e+00 2.150021500000000074e+01 4.776276491925655066e+00
8.500084999999998558e+00 2.250022500000000036e+01 4.664596329149855336e+00
8.500084999999998558e+00 2.350023499999999999e+01 4.479204669272618844e+00
8.500084999999998558e+00 2.450024500000000316e+01 4.402310417073819870e+00
8.500084999999998558e+00 2.550025500000000278e+01 4.313963415791877587e+00
8.500084999999998558e+00 2.650026500000000240e+01 4.404820974987660342e+00
8.500084999999998558e+00 2.750027500000000202e+01 4.389924803451189739e+00
8.500084999999998558e+00 2.850028500000000165e+01 4.515765082366339556e+00
8.500084999999998558e+00 2.950029500000000127e+01 4.502074988680010215e+00
8.500084999999998558e+00 3.050030500000000089e+01 4.635772637268207319e+00
8.500084999999998558e+00 3.150031500000000051e+01 4.723271650854174553e+00
8.500084999999998558e+00 3.250032500000000368e+01 4.894688392774817487e+00
8.500084999999998558e+00 3.350033499999999975e+01 4.963469868758978443e+00
8.500084999999998558e+00 3.450034500000000293e+01 5.077955536517312574e+00
8.500084999999998558e+00 3.550035499999999900e+01 5.397919338388159183e+00
8.500084999999998558e+00 3.650036500000000217e+01 5.851893384528362496e+00
8.500084999999998558e+00 3.750037500000000534e+01 5.894724302532937443e+00
8.500084999999998558e+00 3.850038500000000141e+01 6.050583504237509125e+00
8.500084999999998558e+00 3.950039500000000459e+01 6.392538556489553159e+00
8.500084999999998558e+00 4.050040500000000065e+01 6.492396632541898249e+00
8.500084999999998558e+00 4.150041500000000383e+01 7.105132225601460405e+00
8.500084999999998558e+00 4.250042499999999990e+01 7.269518149658306783e+00
8.500084999999998558e+00 4.350043500000000307e+01 7.885775419101796579e+00
8.500084999999998558e+00 4.450044500000000625e+01 1.305951832221116682e+01
8.500084999999998558e+00 4.550045500000000231e+01 1.305951832221116682e+01
8.500084999999998558e+00 4.650046500000000549e+01 1.305951832221116682e+01
8.500084999999998558e+00 4.750047500000000156e+01 1.305951832221116682e+01
8.500084999999998558e+00 4.850048500000000473e+01 1.305951832221116682e+01
8.500084999999998558e+00 4.950049500000000080e+01 1.305951832221116682e+01
9.500094999999998180e+00 5.000050000000000328e-01 7.883070965648466988e+00
9.500094999999998180e+00 1.500015000000000098e+00 1.013933998888411558e+01
9.500094999999998180e+00 2.500024999999999942e+00 9.603776745918318980e+00
9.500094999999998180e+00 3.500035000000000451e+00 8.472898643076991476e+00
9.500094999999998180e+00 4.500045000000000073e+00 8.364267520705578107e+00
9.500094999999998180e+00 5.500055000000000582e+00 7.645816991248540084e+00
9.500094999999998180e+00 6.500065000000000204e+00 8.098604805231449433e+00
9.500094999999998180e+00 7.500075000000000713e+00 7.361661338346854322e+00
9.500094999999998180e+00 8.500085000000000335e+00 6.721954847738365046e+00
9.500094999999998180e+00 9.500094999999999956e+00 6.488570462932915284e+00
9.500094999999998180e+00 1.050010500000000135e+01 5.938228609411535075e+00
9.500094999999998180e+00 1.150011500000000098e+01 5.919101138003393103e+00
9.500094999999998180e+00 1.250012500000000060e+01 6.060204059396565590e+00
9.500094999999998180e+00 1.350013500000000022e+01 5.732944038637231010e+00
9.500094999999998180e+00 1.450014500000000162e+01 5.923658125976246858e+00
9.500094999999998180e+00 1.550015500000000124e+01 5.737423694954906672e+00
9.500094999999998180e+00 1.650016500000000264e+01 5.650933284327105177e+00
9.500094999999998180e+00 1.750017500000000226e+01 5.687645409058193380e+00
9.500094999999998180e+00 1.850018500000000188e+01 5.119891688466633894e+00
9.500094999999998180e+00 1.950019500000000150e+01 4.890022149324659395e+00
9.500094999999998180e+00 2.050020500000000112e+01 4.667630764685142708e+00
9.500094999999998180e+00 2.150021500000000074e+01 4.470067309959135038e+00
9.500094999999998180e+00 2.250022500000000036e+01 4.313881541894712512e+00
9.500094999999998180e+00 2.350023499999999999e+01 4.176141470048870374e+00
9.500094999999998180e+00 2.450024500000000316e+01 4.096891179459375643e+00
9.500094999999998180e+00 2.550025500000000278e+01 4.042851539634470193e+00
9.500094999999998180e+00 2.650026500000000240e+01 4.082160492993843981e+00
9.500094999999998180e+00 2.750027500000000202e+01 4.135869651582952500e+00
9.500094999999998180e+00 2.850028500000000165e+01 4.247203730338312333e+00
9.500094999999998180e+00 2.950029500000000127e+01 4.360811140993858359e+00
9.500094999999998180e+00 3.050030500000000089e+01 4.459399128046062089e+00
9.500094999999998180e+00 3.150031500000000051e+01 4.649159027889198548e+00
9.500094999999998180e+00 3.250032500000000368e+01 4.774499627275957003e+00
9.500094999999998180e+00 3.350033499999999975e+01 4.874772873489767733e+00
9.500094999999998180e+00 3.450034500000000293e+01 5.334405581908186811e+00
9.500094999999998180e+00 3.550035499999999900e+01 5.647040207423828839e+00
9.500094999999998180e+00 3.650036500000000217e+01 5.661923808202167230e+00
9.500094999999998180e+00 3.750037500000000534e+01 6.021877551379664517e+00
9.500094999999998180e+00 3.850038500000000141e+01 6.023181117767068216e+00
9.500094999999998180e+00 3.950039500000000459e+01 6.791599308174969707e+00
9.500094999999998180e+00 4.050040500000000065e+01 6.936401140532573173e+00
9.500094999999998180e+00 4.150041500000000383e+01 7.985384718696888484e+00
9.500094999999998180e+00 4.250042499999999990e+01 1.305951832221116682e+01
9.500094999999998180e+00 4.350043500000000307e+01 1.305951832221116682e+01
9.500094999999998180e+00 4.450044500000000625e+01 1.305951832221116682e+01
9.500094999999998180e+00 4.550045500000000231e+01 7.410754043469903074e+00
9.500094999999998180e+00 4.650046500000000549e+01 1.305951832221116682e+01
9.500094999999998180e+00 4.750047500000000156e+01 1.305951832221116682e+01
9.500094999999998180e+00 4.850048500000000473e+01 1.305951832221116682e+01
9.500094999999998180e+00 4.950049500000000080e+01 1.305951832221116682e+01
1.050010499999999780e+01 5.000050000000000328e-01 5.647844147475137078e+00
1.050010499999999780e+01 1.500015000000000098e+00 8.253439247691801484e+00
1.050010499999999780e+01 2.500024999999999942e+00 8.132307654147894027e+00
1.050010499999999780e+01 3.500035000000000451e+00 8.712985958676307874e+00
1.050010499999999780e+01 4.500045000000000073e+00 7.837175888522449618e+00
1.050010499999999780e+01 5.500055000000000582e+00 7.419590209005687775e+00
1.050010499999999780e+01 6.500065000000000204e+00 7.228839008504360564e+00
1.050010499999999780e+01 7.500075000000000713e+00 7.622973116708143593e+00
1.050010499999999780e+01 8.500085000000000335e+00 7.544515653769991559e+00
1.050010499999999780e+01 9.500094999999999956e+00 6.974541927314226619e+00
1.050010499999999780e+01 1.050010500000000135e+01 6.551876118350042688e+00
1.050010499999999780e+01 1.150011500000000098e+01 6.611285601415464619e+00
1.050010499999999780e+01 1.250012500000000060e+01 5.950581706032355811e+00
1.050010499999999780e+01 1.350013500000000022e+01 5.835298912183637832e+00
1.050010499999999780e+01 1.450014500000000162e+01 5.838559883136906770e+00
1.050010499999999780e+01 1.550015500000000124e+01 5.614241873395367399e+00
1.050010499999999780e+01 1.650016500000000264e+01 5.341063271632605414e+00
1.050010499999999780e+01 1.750017500000000226e+01 5.151214179214517408e+00
1.050010499999999780e+01 1.850018500000000188e+01 4.775700487101657288e+00
1.050010499999999780e+01 1.950019500000000150e+01 4.631118430548728071e+00
1.050010499999999780e+01 2.050020500000000112e+01 4.415235896321095588e+00
1.050010499999999780e+01 2.150021500000000074e+01 4.202973400940281046e+00
1.050010499999999780e+01 2.250022500000000036e+01 4.028684434671720993e+00
1.050010499999999780e+01 2.350023499999999999e+01 3.843114674539542364e+00
1.050010499999999780e+01 2.450024500000000316e+01 3.777210354248746516e+00
1.050010499999999780e+01 2.550025500000000278e+01 3.718603500141747897e+00
1.050010499999999780e+01 2.650026500000000240e+01 3.728424411471345845e+00
1.050010499999999780e+01 2.750027500000000202e+01 3.850151573853447751e+00
1.050010499999999780e+01 2.850028500000000165e+01 3.916082445393677780e+00
1.050010499999999780e+01 2.950029500000000127e+01 4.097587837561842861e+00
1.050010499999999780e+01 3.050030500000000089e+01 4.341938389012483412e+00
1.050010499999999780e+01 3.150031500000000051e+01 4.428223153987026706e+00
1.050010499999999780e+01 3.250032500000000368e+01 4.654514323789737062e+00
1.050010499999999780e+01 3.350033499999999975e+01 4.926533969724999018e+00
1.050010499999999780e+01 3.450034500000000293e+01 5.094209271712917264e+00
1.050010499999999780e+01 3.550035499999999900e+01 5.252587817317571073e+00
1.050010499999999780e+01 3.650036500000000217e+01 5.589544479982802017e+00
1.050010499999999780e+01 3.750037500000000534e+01 6.088213458618072949e+00
1.050010499999999780e+01 3.850038500000000141e+01 6.394070638250312300e+00
1.050010499999999780e+01 3.950039500000000459e+01 7.088745828082737788e+00
1.050010499999999780e+01 4.050040500000000065e+01 7.082115741529442232e+00
1.050010499999999780e+01 4.150041500000000383e+01 7.985384718696888484e+00
1.050010499999999780e+01 4.250042499999999990e+01 1.305951832221116682e+01
1.050010499999999780e+01 4.350043500000000307e+01 1.305951832221116682e+01
1.050010499999999780e+01 4.450044500000000625e+01 1.305951832221116682e+01
1.050010499999999780e+01 4.550045500000000231e+01 1.305951832221116682e+01
1.050010499999999780e+01 4.650046500000000549e+01 1.305951832221116682e+01
1.050010499999999780e+01 4.750047500000000156e+01 1.305951832221116682e+01
1.050010499999999780e+01 4.850048500000000473e+01 1.305951832221116682e+01
1.050010499999999780e+01 4.950049500000000080e+01 1.305951832221116682e+01
1.150011499999999742e+01 5.000050000000000328e-01 4.931687718883397409e+00
1.150011499999999742e+01 1.500015000000000098e+00 6.416644480606370493e+00
1.150011499999999742e+01 2.500024999999999942e+00 6.853727402042460781e+00
1.150011499999999742e+01 3.500035000000000451e+00 7.181891810241856966e+00
1.150011499999999742e+01 4.500045000000000073e+00 7.564888227141098653e+00
1.150011499999999742e+01 5.500055000000000582e+00 7.072680799202140989e+00
1.150011499999999742e+01 6.500065000000000204e+00 7.748193217701333957e+00
1.150011499999999742e+01 7.500075000000000713e+00 7.535109460444735063e+00
1.150011499999999742e+01 8.500085000000000335e+00 7.472175446777802321e+00
1.150011499999999742e+01 9.500094999999999956e+00 7.530195180576369829e+00
1.150011499999999742e+01 1.050010500000000135e+01 6.728942289175819269e+00
1.150011499999999742e+01 1.150011500000000098e+01 6.397027142332387228e+00
1.150011499999999742e+01 1.250012500000000060e+01 6.383274247952346769e+00
1.150011499999999742e+01 1.350013500000000022e+01 5.837683804713385882e+00
1.150011499999999742e+01 1.450014500000000162e+01 5.603363825280070820e+00
1.150011499999999742e+01 1.550015500000000124e+01 5.262689349578214326e+00
1.150011499999999742e+01 1.650016500000000264e+01 5.102746482466699263e+00
1.150011499999999742e+01 1.750017500000000226e+01 4.853603864552471059e+00
1.150011499999999742e+01 1.850018500000000188e+01 4.631854130337067943e+00
1.150011499999999742e+01 1.950019500000000150e+01 4.394610117165368202e+00
1.150011499999999742e+01 2.050020500000000112e+01 4.187268128972108983e+00
1.150011499999999742e+01 2.150021500000000074e+01 3.945617436273530565e+00
1.150011499999999742e+01 2.250022500000000036e+01 3.832316940955044160e+00
1.150011499999999742e+01 2.350023499999999999e+01 3.716426530787017235e+00
1.150011499999999742e+01 2.450024500000000316e+01 3.629350757066745370e+00
1.150011499999999742e+01 2.550025500000000278e+01 3.581427745827144182e+00
1.150011499999999742e+01 2.650026500000000240e+01 3.618981778945690397e+00
1.150011499999999742e+01 2.750027500000000202e+01 3.655946182966461233e+00
1.150011499999999742e+01 2.850028500000000165e+01 3.803514555022331933e+00
1.150011499999999742e+01 2.950029500000000127e+01 3.903425305624706354e+00
1.150011499999999742e+01 3.050030500000000089e+01 4.100788331884438698e+00
1.150011499999999742e+01 3.150031500000000051e+01 4.293401516604944845e+00
1.150011499999999742e+01 3.250032500000000368e+01 4.536827864062783711e+00
1.150011499999999742e+01 3.350033499999999975e+01 4.725021184353820125e+00
1.150011499999999742e+01 3.450034500000000293e+01 4.932598065927487951e+00
1.150011499999999742e+01 3.550035499999999900e+01 5.415608432458419941e+00
1.150011499999999742e+01 3.650036500000000217e+01 5.656309649054986011e+00
1.150011499999999742e+01 3.750037500000000534e+01 6.154699654180066482e+00
1.150011499999999742e+01 3.850038500000000141e+01 6.430311368950110129e+00
1.150011499999999742e+01 3.950039500000000459e+01 6.431203313240700936e+00
1.150011499999999742e+01 4.050040500000000065e+01 6.700204993898381645e+00
1.150011499999999742e+01 4.150041500000000383e+01 7.352229533803701145e+00
1.150011499999999742e+01 4.250042499999999990e+01 7.709437193431878832e+00
1.150011499999999742e+01 4.350043500000000307e+01 1.305951832221116682e+01
1.150011499999999742e+01 4.450044500000000625e+01 7.633067795530081412e+00
1.150011499999999742e+01 4.550045500000000231e+01 1.305951832221116682e+01
1.150011499999999742e+01 4.650046500000000549e+01 1.305951832221116682e+01
1.150011499999999742e+01 4.750047500000000156e+01 1.305951832221116682e+01
1.150011499999999742e+01 4.850048500000000473e+01 1.305951832221116682e+01
1.150011499999999742e+01 4.950049500000000080e+01 1.305951832221116682e+01
1.250012499999999882e+01 5.000050000000000328e-01 4.483926846313351255e+00
1.250012499999999882e+01 1.500015000000000098e+00 5.926460825171467661e+00
1.250012499999999882e+01 2.500024999999999942e+00 5.890012376603774413e+00
1.250012499999999882e+01 3.500035000000000451e+00 6.333056206106848940e+00
1.250012499999999882e+01 4.500045000000000073e+00 6.671111328841451638e+00
1.250012499999999882e+01 5.500055000000000582e+00 6.882597069806052126e+00
1.250012499999999882e+01 6.500065000000000204e+00 8.004888503235077835e+00
1.250012499999999882e+01 7.500075000000000713e+00 7.022315907686481395e+00
1.250012499999999882e+01 8.500085000000000335e+00 7.008207698431801802e+00
1.250012499999999882e+01 9.500094999999999956e+00 7.065770319520953358e+00
1.250012499999999882e+01 1.050010500000000135e+01 6.931754523173040639e+00
1.250012499999999882e+01 1.150011500000000098e+01 6.597687838469598276e+00
1.250012499999999882e+01 1.250012500000000060e+01 5.818471688111196194e+00
1.250012499999999882e+01 1.350013500000000022e+01 5.731691716631689637e+00
1.250012499999999882e+01 1.450014500000000162e+01 5.403249666928179096e+00
1.250012499999999882e+01 1.550015500000000124e+01 5.052090897767116395e+00
1.250012499999999882e+01 1.650016500000000264e+01 4.958316568079768061e+00
1.250012499999999882e+01 1.750017500000000226e+01 4.609700556716564535e+00
1.250012499999999882e+01 1.850018500000000188e+01 4.490513441306466014e+00
1.250012499999999882e+01 1.950019500000000150e+01 4.221801005075134228e+00
1.250012499999999882e+01 2.050020500000000112e+01 4.132212573125404020e+00
1.250012499999999882e+01 2.150021500000000074e+01 3.922643452753543869e+00
1.250012499999999882e+01 2.250022500000000036e+01 3.758738635859804944e+00
1.250012499999999882e+01 2.350023499999999999e+01 3.654032156235326401e+00
1.250012499999999882e+01 2.450024500000000316e+01 3.568204550993984814e+00
1.250012499999999882e+01 2.550025500000000278e+01 3.491646216639200606e+00
1.250012499999999882e+01 2.650026500000000240e+01 3.545715814276857003e+00
1.250012499999999882e+01 2.750027500000000202e+01 3.573881594733942180e+00
1.250012499999999882e+01 2.850028500000000165e+01 3.679463617546794296e+00
1.250012499999999882e+01 2.950029500000000127e+01 3.847259398920827245e+00
1.250012499999999882e+01 3.050030500000000089e+01 3.994540169339253932e+00
1.250012499999999882e+01 3.150031500000000051e+01 4.175961558344538638e+00
1.250012499999999882e+01 3.250032500000000368e+01 4.392354493203523447e+00
1.250012499999999882e+01 3.350033499999999975e+01 4.640835396255465817e+00
1.250012499999999882e+01 3.450034500000000293e+01 4.967674191174866749e+00
1.250012499999999882e+01 3.550035499999999900e+01 5.261697707824056991e+00
1.250012499999999882e+01 3.650036500000000217e+01 5.427463029859761257e+00
1.250012499999999882e+01 3.750037500000000534e+01 5.970004484399865419e+00
1.250012499999999882e+01 3.850038500000000141e+01 6.643285977854983315e+00
1.250012499999999882e+01 3.950039500000000459e+01 6.525209275652453123e+00
1.250012499999999882e+01 4.050040500000000065e+01 7.410754043469903074e+00
1.250012499999999882e+01 4.150041500000000383e+01 1.305951832221116682e+01
1.250012499999999882e+01 4.250042499999999990e+01 1.305951832221116682e+01
1.250012499999999882e+01 4.350043500000000307e+01 1.305951832221116682e+01
1.250012499999999882e+01 4.450044500000000625e+01 1.305951832221116682e+01
1.250012499999999882e+01 4.550045500000000231e+01 1.305951832221116682e+01
1.250012499999999882e+01 4.650046500000000549e+01 1.305951832221116682e+01
1.250012499999999882e+01 4.750047500000000156e+01 1.305951832221116682e+01
1.250012499999999882e+01 4.850048500000000473e+01 1.305951832221116682e+01
1.250012499999999882e+01 4.950049500000000080e+01 1.305951832221116682e+01
1.350013499999999844e+01 5.000050000000000328e-01 4.356678708482865758e+00
1.350013499999999844e+01 1.500015000000000098e+00 5.506881331522602174e+00
1.350013499999999844e+01 2.500024999999999942e+00 5.536116257151854292e+00
1.350013499999999844e+01 3.500035000000000451e+00 5.982791901393452960e+00
1.350013499999999844e+01 4.500045000000000073e+00 6.290003745609682007e+00
1.350013499999999844e+01 5.500055000000000582e+00 6.566226580779828126e+00
1.350013499999999844e+01 6.500065000000000204e+00 6.845476657115822761e+00
1.350013499999999844e+01 7.500075000000000713e+00 7.196141083773489378e+00
1.350013499999999844e+01 8.500085000000000335e+00 7.051782767401491903e+00
1.350013499999999844e+01 9.500094999999999956e+00 6.293273721561615019e+00
1.350013499999999844e+01 1.050010500000000135e+01 6.236816290151246278e+00
1.350013499999999844e+01 1.150011500000000098e+01 5.987988746870590795e+00
1.350013499999999844e+01 1.250012500000000060e+01 5.647361741434609783e+00
1.350013499999999844e+01 1.350013500000000022e+01 5.216822856587711499e+00
1.350013499999999844e+01 1.450014500000000162e+01 4.859194144499188184e+00
1.350013499999999844e+01 1.550015500000000124e+01 4.550038189326981453e+00
1.350013499999999844e+01 1.650016500000000264e+01 4.393767827156897177e+00
1.350013499999999844e+01 1.750017500000000226e+01 4.223609020048578522e+00
1.350013499999999844e+01 1.850018500000000188e+01 4.038086943155896336e+00
1.350013499999999844e+01 1.950019500000000150e+01 3.963615447475915321e+00
1.350013499999999844e+01 2.050020500000000112e+01 3.895829261449145431e+00
1.350013499999999844e+01 2.150021500000000074e+01 3.718085611136784596e+00
1.350013499999999844e+01 2.250022500000000036e+01 3.675265529000407927e+00
1.350013499999999844e+01 2.350023499999999999e+01 3.576582323093749238e+00
1.350013499999999844e+01 2.450024500000000316e+01 3.492092132594615261e+00
1.350013499999999844e+01 2.550025500000000278e+01 3.476781912417861164e+00
1.350013499999999844e+01 2.650026500000000240e+01 3.510820355409107307e+00
1.350013499999999844e+01 2.750027500000000202e+01 3.540181652402301093e+00
1.350013499999999844e+01 2.850028500000000165e+01 3.620881082868332435e+00
1.350013499999999844e+01 2.950029500000000127e+01 3.763569956138962169e+00
1.350013499999999844e+01 3.050030500000000089e+01 3.839893938124785411e+00
1.350013499999999844e+01 3.150031500000000051e+01 4.035232542254894916e+00
1.350013499999999844e+01 3.250032500000000368e+01 4.210834345747732854e+00
1.350013499999999844e+01 3.350033499999999975e+01 4.456784425377236403e+00
1.350013499999999844e+01 3.450034500000000293e+01 4.830453297145440139e+00
1.350013499999999844e+01 3.550035499999999900e+01 5.110706074814516775e+00
1.350013499999999844e+01 3.650036500000000217e+01 5.402847054556501938e+00
1.350013499999999844e+01 3.750037500000000534e+01 5.693896253169028476e+00
1.350013499999999844e+01 3.850038500000000141e+01 6.326121549516130926e+00
1.350013499999999844e+01 3.950039500000000459e+01 6.574862196603947773e+00
1.350013499999999844e+01 4.050040500000000065e+01 7.453461874066344528e+00
1.350013499999999844e+01 4.150041500000000383e+01 1.305951832221116682e+01
1.350013499999999844e+01 4.250042499999999990e+01 1.305951832221116682e+01
1.350013499999999844e+01 4.350043500000000307e+01 1.305951832221116682e+01
1.350013499999999844e+01 4.450044500000000625e+01 1.305951832221116682e+01
1.350013499999999844e+01 4.550045500000000231e+01 1.305951832221116682e+01
1.350013499999999844e+01 4.650046500000000549e+01 1.305951832221116682e+01
1.350013499999999844e+01 4.750047500000000156e+01 1.305951832221116682e+01
1.350013499999999844e+01 4.850048500000000473e+01 1.305951832221116682e+01
1.350013499999999844e+01 4.950049500000000080e+01 1.305951832221116682e+01
1.450014499999999806e+01 5.000050000000000328e-01 4.029914790941138136e+00
1.450014499999999806e+01 1.500015000000000098e+00 5.049830819437637786e+00
1.450014499999999806e+01 2.500024999999999942e+00 5.348708867293561653e+00
1.450014499999999806e+01 3.500035000000000451e+00 5.722665090123499887e+00
1.450014499999999806e+01 4.500045000000000073e+00 5.887785624041373289e+00
1.450014499999999806e+01 5.500055000000000582e+00 6.034701926928975446e+00
1.450014499999999806e+01 6.500065000000000204e+00 5.646755926324788177e+00
1.450014499999999806e+01 7.500075000000000713e+00 5.662430771330105195e+00
1.450014499999999806e+01 8.500085000000000335e+00 5.513289858114234221e+00
1.450014499999999806e+01 9.500094999999999956e+00 5.692992938172557693e+00
1.450014499999999806e+01 1.050010500000000135e+01 5.795486405165045873e+00
1.450014499999999806e+01 1.150011500000000098e+01 6.760789518419621835e+00
1.450014499999999806e+01 1.250012500000000060e+01 6.052879700711188526e+00
1.450014499999999806e+01 1.350013500000000022e+01 6.189360728482825813e+00
1.450014499999999806e+01 1.450014500000000162e+01 5.735172508488095566e+00
1.450014499999999806e+01 1.550015500000000124e+01 5.478760543076398370e+00
1.450014499999999806e+01 1.650016500000000264e+01 5.181022354252367457e+00
1.450014499999999806e+01 1.750017500000000226e+01 4.967098717050531853e+00
1.450014499999999806e+01 1.850018500000000188e+01 4.731462321613299160e+00
1.450014499999999806e+01 1.950019500000000150e+01 4.710196108470574572e+00
1.450014499999999806e+01 2.050020500000000112e+01 4.516504707744235070e+00
1.450014499999999806e+01 2.150021500000000074e+01 4.379617502325593215e+00
1.450014499999999806e+01 2.250022500000000036e+01 4.247948264531513196e+00
1.450014499999999806e+01 2.350023499999999999e+01 4.107441886548852672e+00
1.450014499999999806e+01 2.450024500000000316e+01 3.926863901042630722e+00
1.450014499999999806e+01 2.550025500000000278e+01 3.949447856484238351e+00
1.450014499999999806e+01 2.650026500000000240e+01 3.922401511259900886e+00
1.450014499999999806e+01 2.750027500000000202e+01 3.978833254786549922e+00
1.450014499999999806e+01 2.850028500000000165e+01 4.036075404813965761e+00
1.450014499999999806e+01 2.950029500000000127e+01 4.076178337017577924e+00
1.450014499999999806e+01 3.050030500000000089e+01 4.106572716256247091e+00
1.450014499999999806e+01 3.150031500000000051e+01 4.354086402829149272e+00
1.450014499999999806e+01 3.250032500000000368e+01 4.408008701161650222e+00
1.450014499999999806e+01 3.350033499999999975e+01 4.637599723784297190e+00
1.450014499999999806e+01 3.450034500000000293e+01 5.062177236777645639e+00
1.450014499999999806e+01 3.550035499999999900e+01 5.326377982666856248e+00
1.450014499999999806e+01 3.650036500000000217e+01 5.850922857417679701e+00
1.450014499999999806e+01 3.750037500000000534e+01 5.851795797281879707e+00
1.450014499999999806e+01 3.850038500000000141e+01 6.379574326356582503e+00
1.450014499999999806e+01 3.950039500000000459e+01 7.633067795530081412e+00
1.450014499999999806e+01 4.050040500000000065e+01 7.330637861656201792e+00
1.450014499999999806e+01 4.150041500000000383e+01 1.305951832221116682e+01
1.450014499999999806e+01 4.250042499999999990e+01 1.305951832221116682e+01
1.450014499999999806e+01 4.350043500000000307e+01 1.305951832221116682e+01
1.450014499999999806e+01 4.450044500000000625e+01 1.305951832221116682e+01
1.450014499999999806e+01 4.550045500000000231e+01 1.305951832221116682e+01
1.450014499999999806e+01 4.650046500000000549e+01 1.305951832221116682e+01
1.450014499999999806e+01 4.750047500000000156e+01 1.305951832221116682e+01
1.450014499999999806e+01 4.850048500000000473e+01 1.305951832221116682e+01
1.450014499999999806e+01 4.950049500000000080e+01 1.305951832221116682e+01
1.550015499999999768e+01 5.000050000000000328e-01 3.459145577511036684e+00
1.550015499999999768e+01 1.500015000000000098e+00 4.413479665422622489e+00
1.550015499999999768e+01 2.500024999999999942e+00 4.930415797102469355e+00
1.550015499999999768e+01 3.500035000000000451e+00 5.155475984254390909e+00
1.550015499999999768e+01 4.500045000000000073e+00 5.330247622034964827e+00
1.550015499999999768e+01 5.500055000000000582e+00 5.064002066065179442e+00
1.550015499999999768e+01 6.500065000000000204e+00 4.930985627228808177e+00
1.550015499999999768e+01 7.500075000000000713e+00 5.077109207125424462e+00
1.550015499999999768e+01 8.500085000000000335e+00 4.992181870085452111e+00
1.550015499999999768e+01 9.500094999999999956e+00 5.010018302903560539e+00
1.550015499999999768e+01 1.050010500000000135e+01 5.261621756531773109e+00
1.550015499999999768e+01 1.150011500000000098e+01 5.535593862048185265e+00
1.550015499999999768e+01 1.250012500000000060e+01 5.975446000219707621e+00
1.550015499999999768e+01 1.350013500000000022e+01 6.460831601899708510e+00
1.550015499999999768e+01 1.450014500000000162e+01 5.812390838276168203e+00
1.550015499999999768e+01 1.550015500000000124e+01 5.585017069236338116e+00
1.550015499999999768e+01 1.650016500000000264e+01 5.283088373261836779e+00
1.550015499999999768e+01 1.750017500000000226e+01 5.152900243902093891e+00
1.550015499999999768e+01 1.850018500000000188e+01 4.960764972167891251e+00
1.550015499999999768e+01 1.950019500000000150e+01 4.884669572764287260e+00
1.550015499999999768e+01 2.050020500000000112e+01 4.818649058910068561e+00
1.550015499999999768e+01 2.150021500000000074e+01 4.550856577309471795e+00
1.550015499999999768e+01 2.250022500000000036e+01 4.549451084705481207e+00
1.550015499999999768e+01 2.350023499999999999e+01 4.442959712339059841e+00
1.550015499999999768e+01 2.450024500000000316e+01 4.316119829372329519e+00
1.550015499999999768e+01 2.550025500000000278e+01 4.312017344161597876e+00
1.550015499999999768e+01 2.650026500000000240e+01 4.274381646621015385e+00
1.550015499999999768e+01 2.750027500000000202e+01 4.402228666388108280e+00
1.550015499999999768e+01 2.850028500000000165e+01 4.382233218156573074e+00
1.550015499999999768e+01 2.950029500000000127e+01 4.342719152201343746e+00
1.550015499999999768e+01 3.050030500000000089e+01 4.413579857463546752e+00
1.550015499999999768e+01 3.150031500000000051e+01 4.547491307595922017e+00
1.550015499999999768e+01 3.250032500000000368e+01 4.718054834997241542e+00
1.550015499999999768e+01 3.350033499999999975e+01 4.914961915408275317e+00
1.550015499999999768e+01 3.450034500000000293e+01 5.189229567368493612e+00
1.550015499999999768e+01 3.550035499999999900e+01 5.269093849045522582e+00
1.550015499999999768e+01 3.650036500000000217e+01 5.775513888718635691e+00
1.550015499999999768e+01 3.750037500000000534e+01 6.139051411992303642e+00
1.550015499999999768e+01 3.850038500000000141e+01 6.514966992794809286e+00
1.550015499999999768e+01 3.950039500000000459e+01 7.194678718732975042e+00
1.550015499999999768e+01 4.050040500000000065e+01 7.285072475783561430e+00
1.550015499999999768e+01 4.150041500000000383e+01 7.885775419101796579e+00
1.550015499999999768e+01 4.250042499999999990e+01 1.305951832221116682e+01
1.550015499999999768e+01 4.350043500000000307e+01 1.305951832221116682e+01
1.550015499999999768e+01 4.450044500000000625e+01 1.305951832221116682e+01
1.550015499999999768e+01 4.550045500000000231e+01 1.305951832221116682e+01
1.550015499999999768e+01 4.650046500000000549e+01 1.305951832221116682e+01
1.550015499999999768e+01 4.750047500000000156e+01 1.305951832221116682e+01
1.550015499999999768e+01 4.850048500000000473e+01 1.305951832221116682e+01
1.550015499999999768e+01 4.950049500000000080e+01 1.305951832221116682e+01
1.650016499999999908e+01 5.000050000000000328e-01 2.841305215260384376e+00
1.650016499999999908e+01 1.500015000000000098e+00 3.484085434576575935e+00
1.650016499999999908e+01 2.500024999999999942e+00 4.010241950042584769e+00
1.650016499999999908e+01 3.500035000000000451e+00 4.277114811440983821e+00
1.650016499999999908e+01 4.500045000000000073e+00 4.300970564107795546e+00
1.650016499999999908e+01 5.500055000000000582e+00 4.183413668852661971e+00
1.650016499999999908e+01 6.500065000000000204e+00 4.140624827204999470e+00
1.650016499999999908e+01 7.500075000000000713e+00 4.047057745337351520e+00
1.650016499999999908e+01 8.500085000000000335e+00 4.066903582749267443e+00
1.650016499999999908e+01 9.500094999999999956e+00 4.135951632646801990e+00
1.650016499999999908e+01 1.050010500000000135e+01 4.526703103211787038e+00
1.650016499999999908e+01 1.150011500000000098e+01 5.080278673347028651e+00
1.650016499999999908e+01 1.250012500000000060e+01 5.723734875308668535e+00
1.650016499999999908e+01 1.350013500000000022e+01 5.848891980317941552e+00
1.650016499999999908e+01 1.450014500000000162e+01 5.924860357223992402e+00
1.650016499999999908e+01 1.550015500000000124e+01 5.785969409687035103e+00
1.650016499999999908e+01 1.650016500000000264e+01 5.829374632937097900e+00
1.650016499999999908e+01 1.750017500000000226e+01 5.525651844650480093e+00
1.650016499999999908e+01 1.850018500000000188e+01 5.266700827074946467e+00
1.650016499999999908e+01 1.950019500000000150e+01 5.236682142453754629e+00
1.650016499999999908e+01 2.050020500000000112e+01 5.148384617042773392e+00
1.650016499999999908e+01 2.150021500000000074e+01 4.980176187110991748e+00
1.650016499999999908e+01 2.250022500000000036e+01 4.906860448701848121e+00
1.650016499999999908e+01 2.350023499999999999e+01 4.846314225603810755e+00
1.650016499999999908e+01 2.450024500000000316e+01 4.685648992661974432e+00
1.650016499999999908e+01 2.550025500000000278e+01 4.676341764567862214e+00
1.650016499999999908e+01 2.650026500000000240e+01 4.590789454530585623e+00
1.650016499999999908e+01 2.750027500000000202e+01 4.647040971363922246e+00
1.650016499999999908e+01 2.850028500000000165e+01 4.658167112966583367e+00
1.650016499999999908e+01 2.950029500000000127e+01 4.655443811360754580e+00
1.650016499999999908e+01 3.050030500000000089e+01 4.713992454293102874e+00
1.650016499999999908e+01 3.150031500000000051e+01 4.769289501092602634e+00
1.650016499999999908e+01 3.250032500000000368e+01 4.848325218542988146e+00
1.650016499999999908e+01 3.350033499999999975e+01 5.144623174243150743e+00
1.650016499999999908e+01 3.450034500000000293e+01 5.477346296965952988e+00
1.650016499999999908e+01 3.550035499999999900e+01 5.781945649523423825e+00
1.650016499999999908e+01 3.650036500000000217e+01 5.848495743224414234e+00
1.650016499999999908e+01 3.750037500000000534e+01 6.381846867121412359e+00
1.650016499999999908e+01 3.850038500000000141e+01 8.881693664785677456e+00
1.650016499999999908e+01 3.950039500000000459e+01 1.305951832221116682e+01
1.650016499999999908e+01 4.050040500000000065e+01 1.305951832221116682e+01
1.650016499999999908e+01 4.150041500000000383e+01 1.305951832221116682e+01
1.650016499999999908e+01 4.250042499999999990e+01 1.305951832221116682e+01
1.650016499999999908e+01 4.350043500000000307e+01 1.305951832221116682e+01
1.650016499999999908e+01 4.450044500000000625e+01 1.305951832221116682e+01
1.650016499999999908e+01 4.550045500000000231e+01 1.305951832221116682e+01
1.650016499999999908e+01 4.650046500000000549e+01 1.305951832221116682e+01
1.650016499999999908e+01 4.750047500000000156e+01 1.305951832221116682e+01
1.650016499999999908e+01 4.850048500000000473e+01 1.305951832221116682e+01
1.650016499999999908e+01 4.950049500000000080e+01 1.305951832221116682e+01
1.750017499999999870e+01 5.000050000000000328e-01 2.378526282269342484e+00
1.750017499999999870e+01 1.500015000000000098e+00 2.925314389546150196e+00
1.750017499999999870e+01 2.500024999999999942e+00 3.407360739363654467e+00
1.750017499999999870e+01 3.500035000000000451e+00 3.626779844070060932e+00
1.750017499999999870e+01 4.500045000000000073e+00 3.613110379969357133e+00
1.750017499999999870e+01 5.500055000000000582e+00 3.558138722259583275e+00
1.750017499999999870e+01 6.500065000000000204e+00 3.470084843474351644e+00
1.750017499999999870e+01 7.500075000000000713e+00 3.631661938913263388e+00
1.750017499999999870e+01 8.500085000000000335e+00 3.757459693813323121e+00
1.750017499999999870e+01 9.500094999999999956e+00 3.926582419988067230e+00
1.750017499999999870e+01 1.050010500000000135e+01 4.190171772314874588e+00
1.750017499999999870e+01 1.150011500000000098e+01 4.525947643902210160e+00
1.750017499999999870e+01 1.250012500000000060e+01 4.889434635223316228e+00
1.750017499999999870e+01 1.350013500000000022e+01 5.183709168449882831e+00
1.750017499999999870e+01 1.450014500000000162e+01 5.463980336380793723e+00
1.750017499999999870e+01 1.550015500000000124e+01 5.352517159155246063e+00
1.750017499999999870e+01 1.650016500000000264e+01 5.388595816736221344e+00
1.750017499999999870e+01 1.750017500000000226e+01 5.488882379380956245e+00
1.750017499999999870e+01 1.850018500000000188e+01 5.318343641397933474e+00
1.750017499999999870e+01 1.950019500000000150e+01 5.358383001069527474e+00
1.750017499999999870e+01 2.050020500000000112e+01 5.325421192206699850e+00
1.750017499999999870e+01 2.150021500000000074e+01 5.343224118407793100e+00
1.750017499999999870e+01 2.250022500000000036e+01 5.179988520208474334e+00
1.750017499999999870e+01 2.350023499999999999e+01 5.032971574152866445e+00
1.750017499999999870e+01 2.450024500000000316e+01 4.995500126520474815e+00
1.750017499999999870e+01 2.550025500000000278e+01 4.842693144535252792e+00
1.750017499999999870e+01 2.650026500000000240e+01 4.819780965685471763e+00
1.750017499999999870e+01 2.750027500000000202e+01 4.852762204845711302e+00
1.750017499999999870e+01 2.850028500000000165e+01 4.918761416611613591e+00
1.750017499999999870e+01 2.950029500000000127e+01 5.022876295212509667e+00
1.750017499999999870e+01 3.050030500000000089e+01 5.013268923368341845e+00
1.750017499999999870e+01 3.150031500000000051e+01 4.922689877001965364e+00
1.750017499999999870e+01 3.250032500000000368e+01 5.112168199847446637e+00
1.750017499999999870e+01 3.350033499999999975e+01 5.326575949090805118e+00
1.750017499999999870e+01 3.450034500000000293e+01 5.457066008228340870e+00
1.750017499999999870e+01 3.550035499999999900e+01 5.539326166782634786e+00
1.750017499999999870e+01 3.650036500000000217e+01 5.929176603818773650e+00
1.750017499999999870e+01 3.750037500000000534e+01 6.302222714739181164e+00
1.750017499999999870e+01 3.850038500000000141e+01 6.961790128604221195e+00
1.750017499999999870e+01 3.950039500000000459e+01 1.305951832221116682e+01
1.750017499999999870e+01 4.050040500000000065e+01 1.305951832221116682e+01
1.750017499999999870e+01 4.150041500000000383e+01 1.305951832221116682e+01
1.750017499999999870e+01 4.250042499999999990e+01 1.305951832221116682e+01
1.750017499999999870e+01 4.350043500000000307e+01 1.305951832221116682e+01
1.750017499999999870e+01 4.450044500000000625e+01 1.305951832221116682e+01
1.750017499999999870e+01 4.550045500000000231e+01 1.305951832221116682e+01
1.750017499999999870e+01 4.650046500000000549e+01 1.305951832221116682e+01
1.750017499999999870e+01 4.750047500000000156e+01 1.305951832221116682e+01
1.750017499999999870e+01 4.850048500000000473e+01 1.305951832221116682e+01
1.750017499999999870e+01 4.950049500000000080e+01 1.305951832221116682e+01
1.850018499999999833e+01 5.000050000000000328e-01 2.068850495983237447e+00
1.850018499999999833e+01 1.500015000000000098e+00 2.658066199526441853e+00
1.850018499999999833e+01 2.500024999999999942e+00 3.005891782267233747e+00
1.850018499999999833e+01 3.500035000000000451e+00 3.095081345126565076e+00
1.850018499999999833e+01 4.500045000000000073e+00 3.150282904038869347e+00
1.850018499999999833e+01 5.500055000000000582e+00 3.094593268268904573e+00
1.850018499999999833e+01 6.500065000000000204e+00 3.056150603424582890e+00
1.850018499999999833e+01 7.500075000000000713e+00 3.144577033410718148e+00
1.850018499999999833e+01 8.500085000000000335e+00 3.299899422046987940e+00
1.850018499999999833e+01 9.500094999999999956e+00 3.408098949019702228e+00
1.850018499999999833e+01 1.050010500000000135e+01 3.537881308835252092e+00
1.850018499999999833e+01 1.150011500000000098e+01 3.650075885473698545e+00
1.850018499999999833e+01 1.250012500000000060e+01 3.668204044742486403e+00
1.850018499999999833e+01 1.350013500000000022e+01 3.801460033123393423e+00
1.850018499999999833e+01 1.450014500000000162e+01 3.818643116830009454e+00
1.850018499999999833e+01 1.550015500000000124e+01 3.912170692344528966e+00
1.850018499999999833e+01 1.650016500000000264e+01 4.039274687168350475e+00
1.850018499999999833e+01 1.750017500000000226e+01 4.108140285732965857e+00
1.850018499999999833e+01 1.850018500000000188e+01 4.216416143688290319e+00
1.850018499999999833e+01 1.950019500000000150e+01 4.422232540547114787e+00
1.850018499999999833e+01 2.050020500000000112e+01 4.453287071515429574e+00
1.850018499999999833e+01 2.150021500000000074e+01 4.563405957577557182e+00
1.850018499999999833e+01 2.250022500000000036e+01 4.644238237824418469e+00
1.850018499999999833e+01 2.350023499999999999e+01 4.746147810366808883e+00
1.850018499999999833e+01 2.450024500000000316e+01 4.821985770896489498e+00
1.850018499999999833e+01 2.550025500000000278e+01 4.892238210303812451e+00
1.850018499999999833e+01 2.650026500000000240e+01 4.964478449333785015e+00
1.850018499999999833e+01 2.750027500000000202e+01 5.312757711533322436e+00
1.850018499999999833e+01 2.850028500000000165e+01 5.492250728349188371e+00
1.850018499999999833e+01 2.950029500000000127e+01 5.661815364570327525e+00
1.850018499999999833e+01 3.050030500000000089e+01 5.890714218931826451e+00
1.850018499999999833e+01 3.150031500000000051e+01 5.580057357681835306e+00
1.850018499999999833e+01 3.250032500000000368e+01 5.583570364461536428e+00
1.850018499999999833e+01 3.350033499999999975e+01 5.594350702860506175e+00
1.850018499999999833e+01 3.450034500000000293e+01 5.855745826799038767e+00
1.850018499999999833e+01 3.550035499999999900e+01 6.021305439828461559e+00
1.850018499999999833e+01 3.650036500000000217e+01 6.045287930543253196e+00
1.850018499999999833e+01 3.750037500000000534e+01 6.695461354661844666e+00
1.850018499999999833e+01 3.850038500000000141e+01 6.638348506111787728e+00
1.850018499999999833e+01 3.950039500000000459e+01 6.711308095341655289e+00
1.850018499999999833e+01 4.050040500000000065e+01 7.089910383666894411e+00
1.850018499999999833e+01 4.150041500000000383e+01 1.305951832221116682e+01
1.850018499999999833e+01 4.250042499999999990e+01 1.305951832221116682e+01
1.850018499999999833e+01 4.350043500000000307e+01 1.305951832221116682e+01
1.850018499999999833e+01 4.450044500000000625e+01 1.305951832221116682e+01
1.850018499999999833e+01 4.550045500000000231e+01 1.305951832221116682e+01
1.850018499999999833e+01 4.650046500000000549e+01 1.305951832221116682e+01
1.850018499999999833e+01 4.750047500000000156e+01 1.305951832221116682e+01
1.850018499999999833e+01 4.850048500000000473e+01 1.305951832221116682e+01
1.850018499999999833e+01 4.950049500000000080e+01 1.305951832221116682e+01
1.950019499999999795e+01 5.000050000000000328e-01 2.464136966347739488e+00
1.950019499999999795e+01 1.500015000000000098e+00 3.131214853873439896e+00
1.950019499999999795e+01 2.500024999999999942e+00 3.383109005174057327e+00
1.950019499999999795e+01 3.500035000000000451e+00 3.390110803866375644e+00
1.950019499999999795e+01 4.500045000000000073e+00 3.407024842146687327e+00
1.950019499999999795e+01 5.500055000000000582e+00 3.379578154698410941e+00
1.950019499999999795e+01 6.500065000000000204e+00 3.395508712436865473e+00
1.950019499999999795e+01 7.500075000000000713e+00 3.492475914311247376e+00
1.950019499999999795e+01 8.500085000000000335e+00 3.616381837443985781e+00
1.950019499999999795e+01 9.500094999999999956e+00 3.602629573764340787e+00
1.950019499999999795e+01 1.050010500000000135e+01 3.731802139516893657e+00
1.950019499999999795e+01 1.150011500000000098e+01 3.821636469457996288e+00
1.950019499999999795e+01 1.250012500000000060e+01 3.913796053641005024e+00
1.950019499999999795e+01 1.350013500000000022e+01 4.022041302523374107e+00
1.950019499999999795e+01 1.450014500000000162e+01 4.156443471356924491e+00
1.950019499999999795e+01 1.550015500000000124e+01 4.322103724656622070e+00
1.950019499999999795e+01 1.650016500000000264e+01 4.404917669588184204e+00
1.950019499999999795e+01 1.750017500000000226e+01 4.736042909871285289e+00
1.950019499999999795e+01 1.850018500000000188e+01 4.783338999768878885e+00
1.950019499999999795e+01 1.950019500000000150e+01 4.968315776734492317e+00
1.950019499999999795e+01 2.050020500000000112e+01 5.178792648645779373e+00
1.950019499999999795e+01 2.150021500000000074e+01 5.216051382562493011e+00
1.950019499999999795e+01 2.250022500000000036e+01 5.083039109384829501e+00
1.950019499999999795e+01 2.350023499999999999e+01 5.209592367214882280e+00
1.950019499999999795e+01 2.450024500000000316e+01 5.266479550480297256e+00
1.950019499999999795e+01 2.550025500000000278e+01 5.479931941301741993e+00
1.950019499999999795e+01 2.650026500000000240e+01 5.499187944391374927e+00
1.950019499999999795e+01 2.750027500000000202e+01 5.631880299053626970e+00
1.950019499999999795e+01 2.850028500000000165e+01 5.902778963325429729e+00
1.950019499999999795e+01 2.950029500000000127e+01 6.027575010171326575e+00
1.950019499999999795e+01 3.050030500000000089e+01 6.059320345986569656e+00
1.950019499999999795e+01 3.150031500000000051e+01 5.966668098604277048e+00
1.950019499999999795e+01 3.250032500000000368e+01 5.999407630380541256e+00
1.950019499999999795e+01 3.350033499999999975e+01 6.328855808661655757e+00
1.950019499999999795e+01 3.450034500000000293e+01 5.814004869881888027e+00
1.950019499999999795e+01 3.550035499999999900e+01 6.287210171413653015e+00
1.950019499999999795e+01 3.650036500000000217e+01 6.273512527344676570e+00
1.950019499999999795e+01 3.750037500000000534e+01 6.464983572513721910e+00
1.950019499999999795e+01 3.850038500000000141e+01 6.857381295138701205e+00
1.950019499999999795e+01 3.950039500000000459e+01 1.305951832221116682e+01
1.950019499999999795e+01 4.050040500000000065e+01 7.346825562292294443e+00
1.950019499999999795e+01 4.150041500000000383e+01 7.550466713125510765e+00
1.950019499999999795e+01 4.250042499999999990e+01 1.305951832221116682e+01
1.950019499999999795e+01 4.350043500000000307e+01 1.305951832221116682e+01
1.950019499999999795e+01 4.450044500000000625e+01 1.305951832221116682e+01
1.950019499999999795e+01 4.550045500000000231e+01 1.305951832221116682e+01
1.950019499999999795e+01 4.650046500000000549e+01 1.305951832221116682e+01
1.950019499999999795e+01 4.750047500000000156e+01 1.305951832221116682e+01
1.950019499999999795e+01 4.850048500000000473e+01 1.305951832221116682e+01
1.950019499999999795e+01 4.950049500000000080e+01 1.305951832221116682e+01
2.050020499999999757e+01 5.000050000000000328e-01 1.305951832221116682e+01
2.050020499999999757e+01 1.500015000000000098e+00 1.305951832221116682e+01
2.050020499999999757e+01 2.500024999999999942e+00 1.305951832221116682e+01
2.050020499999999757e+01 3.500035000000000451e+00 1.305951832221116682e+01
2.050020499999999757e+01 4.500045000000000073e+00 1.305951832221116682e+01
2.050020499999999757e+01 5.500055000000000582e+00 1.305951832221116682e+01
2.050020499999999757e+01 6.500065000000000204e+00 1.305951832221116682e+01
2.050020499999999757e+01 7.500075000000000713e+00 1.305951832221116682e+01
2.050020499999999757e+01 8.500085000000000335e+00 1.305951832221116682e+01
2.050020499999999757e+01 9.500094999999999956e+00 1.305951832221116682e+01
2.050020499999999757e+01 1.050010500000000135e+01 1.305951832221116682e+01
2.050020499999999757e+01 1.150011500000000098e+01 1.305951832221116682e+01
2.050020499999999757e+01 1.250012500000000060e+01 1.305951832221116682e+01
2.050020499999999757e+01 1.350013500000000022e+01 1.305951832221116682e+01
2.050020499999999757e+01 1.450014500000000162e+01 1.305951832221116682e+01
2.050020499999999757e+01 1.550015500000000124e+01 1.305951832221116682e+01
2.050020499999999757e+01 1.650016500000000264e+01 1.305951832221116682e+01
2.050020499999999757e+01 1.750017500000000226e+01 1.305951832221116682e+01
2.050020499999999757e+01 1.850018500000000188e+01 1.305951832221116682e+01
2.050020499999999757e+01 1.950019500000000150e+01 1.305951832221116682e+01
2.050020499999999757e+01 2.050020500000000112e+01 1.305951832221116682e+01
2.050020499999999757e+01 2.150021500000000074e+01 1.305951832221116682e+01
2.050020499999999757e+01 2.250022500000000036e+01 1.305951832221116682e+01
2.050020499999999757e+01 2.350023499999999999e+01 1.305951832221116682e+01
2.050020499999999757e+01 2.450024500000000316e+01 1.305951832221116682e+01
2.050020499999999757e+01 2.550025500000000278e+01 7.564817317470784452e+00
2.050020499999999757e+01 2.650026500000000240e+01 7.350896482268160170e+00
2.050020499999999757e+01 2.750027500000000202e+01 1.305951832221116682e+01
2.050020499999999757e+01 2.850028500000000165e+01 1.305951832221116682e+01
2.050020499999999757e+01 2.950029500000000127e+01 7.709437193431878832e+00
2.050020499999999757e+01 3.050030500000000089e+01 6.295805854659175083e+00
2.050020499999999757e+01 3.150031500000000051e+01 6.997381693850354800e+00
2.050020499999999757e+01 3.250032500000000368e+01 6.762623541151815409e+00
2.050020499999999757e+01 3.350033499999999975e+01 6.270388703172727674e+00
2.050020499999999757e+01 3.450034500000000293e+01 6.869392384140408758e+00
2.050020499999999757e+01 3.550035499999999900e+01 7.352229533803701145e+00
2.050020499999999757e+01 3.650036500000000217e+01 6.481548908578480095e+00
2.050020499999999757e+01 3.750037500000000534e+01 6.984824925911954807e+00
2.050020499999999757e+01 3.850038500000000141e+01 7.564817317470784452e+00
2.050020499999999757e+01 3.950039500000000459e+01 7.709437193431878832e+00
2.050020499999999757e+01 4.050040500000000065e+01 1.305951832221116682e+01
2.050020499999999757e+01 4.150041500000000383e+01 1.305951832221116682e+01
2.050020499999999757e+01 4.250042499999999990e+01 1.305951832221116682e+01
2.050020499999999757e+01 4.350043500000000307e+01 1.305951832221116682e+01
2.050020499999999757e+01 4.450044500000000625e+01 1.305951832221116682e+01
2.050020499999999757e+01 4.550045500000000231e+01 1.305951832221116682e+01
2.050020499999999757e+01 4.650046500000000549e+01 1.305951832221116682e+01
2.050020499999999757e+01 4.750047500000000156e+01 1.305951832221116682e+01
2.050020499999999757e+01 4.850048500000000473e+01 1.305951832221116682e+01
2.050020499999999757e+01 4.950049500000000080e+01 1.305951832221116682e+01
2.150021499999999719e+01 5.000050000000000328e-01 1.305951832221116682e+01
2.150021499999999719e+01 1.500015000000000098e+00 1.305951832221116682e+01
2.150021499999999719e+01 2.500024999999999942e+00 1.305951832221116682e+01
2.150021499999999719e+01 3.500035000000000451e+00 1.305951832221116682e+01
2.150021499999999719e+01 4.500045000000000073e+00 1.305951832221116682e+01
2.150021499999999719e+01 5.500055000000000582e+00 1.305951832221116682e+01
2.150021499999999719e+01 6.500065000000000204e+00 1.305951832221116682e+01
2.150021499999999719e+01 7.500075000000000713e+00 1.305951832221116682e+01
2.150021499999999719e+01 8.500085000000000335e+00 1.305951832221116682e+01
2.150021499999999719e+01 9.500094999999999956e+00 1.305951832221116682e+01
2.150021499999999719e+01 1.050010500000000135e+01 1.305951832221116682e+01
2.150021499999999719e+01 1.150011500000000098e+01 1.305951832221116682e+01
2.150021499999999719e+01 1.250012500000000060e+01 1.305951832221116682e+01
2.150021499999999719e+01 1.350013500000000022e+01 1.305951832221116682e+01
2.150021499999999719e+01 1.450014500000000162e+01 1.305951832221116682e+01
2.150021499999999719e+01 1.550015500000000124e+01 1.305951832221116682e+01
2.150021499999999719e+01 1.650016500000000264e+01 1.305951832221116682e+01
2.150021499999999719e+01 1.750017500000000226e+01 1.305951832221116682e+01
2.150021499999999719e+01 1.850018500000000188e+01 1.305951832221116682e+01
2.150021499999999719e+01 1.950019500000000150e+01 1.305951832221116682e+01
2.150021499999999719e+01 2.050020500000000112e+01 1.305951832221116682e+01
2.150021499999999719e+01 2.150021500000000074e+01 1.305951832221116682e+01
2.150021499999999719e+01 2.250022500000000036e+01 1.305951832221116682e+01
2.150021499999999719e+01 2.350023499999999999e+01 1.305951832221116682e+01
2.150021499999999719e+01 2.450024500000000316e+01 1.305951832221116682e+01
2.150021499999999719e+01 2.550025500000000278e+01 1.305951832221116682e+01
2.150021499999999719e+01 2.650026500000000240e+01 7.985384718696888484e+00
2.150021499999999719e+01 2.750027500000000202e+01 7.453461874066344528e+00
2.150021499999999719e+01 2.850028500000000165e+01 7.564817317470784452e+00
2.150021499999999719e+01 2.950029500000000127e+01 8.206650381386733528e+00
2.150021499999999719e+01 3.050030500000000089e+01 1.305951832221116682e+01
2.150021499999999719e+01 3.150031500000000051e+01 6.998099057170923842e+00
2.150021499999999719e+01 3.250032500000000368e+01 1.305951832221116682e+01
2.150021499999999719e+01 3.350033499999999975e+01 6.838558673727803239e+00
2.150021499999999719e+01 3.450034500000000293e+01 7.410754043469903074e+00
2.150021499999999719e+01 3.550035499999999900e+01 7.047672466080748599e+00
2.150021499999999719e+01 3.650036500000000217e+01 7.504882285189827584e+00
2.150021499999999719e+01 3.750037500000000534e+01 1.305951832221116682e+01
2.150021499999999719e+01 3.850038500000000141e+01 1.305951832221116682e+01
2.150021499999999719e+01 3.950039500000000459e+01 1.305951832221116682e+01
2.150021499999999719e+01 4.050040500000000065e+01 1.305951832221116682e+01
2.150021499999999719e+01 4.150041500000000383e+01 1.305951832221116682e+01
2.150021499999999719e+01 4.250042499999999990e+01 1.305951832221116682e+01
2.150021499999999719e+01 4.350043500000000307e+01 1.305951832221116682e+01
2.150021499999999719e+01 4.450044500000000625e+01 1.305951832221116682e+01
2.150021499999999719e+01 4.550045500000000231e+01 1.305951832221116682e+01
2.150021499999999719e+01 4.650046500000000549e+01 1.305951832221116682e+01
2.150021499999999719e+01 4.750047500000000156e+01 1.305951832221116682e+01
2.150021499999999719e+01 4.850048500000000473e+01 1.305951832221116682e+01
2.150021499999999719e+01 4.950049500000000080e+01 1.305951832221116682e+01
2.250022499999999681e+01 5.000050000000000328e-01 1.305951832221116682e+01
2.250022499999999681e+01 1.500015000000000098e+00 1.305951832221116682e+01
2.250022499999999681e+01 2.500024999999999942e+00 1.305951832221116682e+01
2.250022499999999681e+01 3.500035000000000451e+00 1.305951832221116682e+01
2.250022499999999681e+01 4.500045000000000073e+00 1.305951832221116682e+01
2.250022499999999681e+01 5.500055000000000582e+00 1.305951832221116682e+01
2.250022499999999681e+01 6.500065000000000204e+00 1.305951832221116682e+01
2.250022499999999681e+01 7.500075000000000713e+00 1.305951832221116682e+01
2.250022499999999681e+01 8.500085000000000335e+00 1.305951832221116682e+01
2.250022499999999681e+01 9.500094999999999956e+00 1.305951832221116682e+01
2.250022499999999681e+01 1.050010500000000135e+01 1.305951832221116682e+01
2.250022499999999681e+01 1.150011500000000098e+01 1.305951832221116682e+01
2.250022499999999681e+01 1.250012500000000060e+01 1.305951832221116682e+01
2.250022499999999681e+01 1.350013500000000022e+01 1.305951832221116682e+01
2.250022499999999681e+01 1.450014500000000162e+01 1.305951832221116682e+01
2.250022499999999681e+01 1.550015500000000124e+01 1.305951832221116682e+01
2.250022499999999681e+01 1.650016500000000264e+01 1.305951832221116682e+01
2.250022499999999681e+01 1.750017500000000226e+01 1.305951832221116682e+01
2.250022499999999681e+01 1.850018500000000188e+01 1.305951832221116682e+01
2.250022499999999681e+01 1.950019500000000150e+01 1.305951832221116682e+01
2.250022499999999681e+01 2.050020500000000112e+01 1.305951832221116682e+01
2.250022499999999681e+01 2.150021500000000074e+01 1.305951832221116682e+01
2.250022499999999681e+01 2.250022500000000036e+01 1.305951832221116682e+01
2.250022499999999681e+01 2.350023499999999999e+01 1.305951832221116682e+01
2.250022499999999681e+01 2.450024500000000316e+01 1.305951832221116682e+01
2.250022499999999681e+01 2.550025500000000278e+01 1.305951832221116682e+01
2.250022499999999681e+01 2.650026500000000240e+01 1.305951832221116682e+01
2.250022499999999681e+01 2.750027500000000202e+01 1.305951832221116682e+01
2.250022499999999681e+01 2.850028500000000165e+01 1.305951832221116682e+01
2.250022499999999681e+01 2.950029500000000127e+01 1.305951832221116682e+01
2.250022499999999681e+01 3.050030500000000089e+01 1.305951832221116682e+01
2.250022499999999681e+01 3.150031500000000051e+01 7.633067795530081412e+00
2.250022499999999681e+01 3.250032500000000368e+01 1.305951832221116682e+01
2.250022499999999681e+01 3.350033499999999975e+01 1.305951832221116682e+01
2.250022499999999681e+01 3.450034500000000293e+01 1.305951832221116682e+01
2.250022499999999681e+01 3.550035499999999900e+01 1.305951832221116682e+01
2.250022499999999681e+01 3.650036500000000217e+01 1.305951832221116682e+01
2.250022499999999681e+01 3.750037500000000534e+01 1.305951832221116682e+01
2.250022499999999681e+01 3.850038500000000141e+01 1.305951832221116682e+01
2.250022499999999681e+01 3.950039500000000459e+01 1.305951832221116682e+01
2.250022499999999681e+01 4.050040500000000065e+01 1.305951832221116682e+01
2.250022499999999681e+01 4.150041500000000383e+01 1.305951832221116682e+01
2.250022499999999681e+01 4.250042499999999990e+01 1.305951832221116682e+01
2.250022499999999681e+01 4.350043500000000307e+01 1.305951832221116682e+01
2.250022499999999681e+01 4.450044500000000625e+01 1.305951832221116682e+01
2.250022499999999681e+01 4.550045500000000231e+01 1.305951832221116682e+01
2.250022499999999681e+01 4.650046500000000549e+01 1.305951832221116682e+01
2.250022499999999681e+01 4.750047500000000156e+01 1.305951832221116682e+01
2.250022499999999681e+01 4.850048500000000473e+01 1.305951832221116682e+01
2.250022499999999681e+01 4.950049500000000080e+01 1.305951832221116682e+01
