85.062 132.787 25.422
84.619 132.367 26.770
83.594 131.225 26.638
82.556 131.333 25.958
83.968 133.546 27.506
84.471 134.893 27.060
83.423 135.989 27.063
82.514 135.964 27.919
83.670 136.997 26.359
84.434 132.692 24.638
83.763 130.201 27.473
82.669 129.227 27.653
81.889 129.543 28.931
82.429 129.997 29.937
83.269 127.817 27.780
84.522 127.552 26.991
82.201 126.717 27.616
85.255 126.318 27.483
84.545 130.166 28.099
80.570 129.437 28.802
79.672 130.023 29.820
78.740 128.883 30.320
78.059 128.209 29.543
78.848 131.126 29.167
78.041 131.919 30.177
79.778 132.079 28.405
80.150 128.867 28.115
78.798 128.643 31.635
77.907 127.598 32.180
76.850 128.256 33.084
77.093 129.238 33.774
78.765 126.622 32.999
79.804 125.898 32.148
81.089 126.412 31.988
79.554 124.615 31.681
82.069 125.711 31.269
80.565 123.863 31.056
81.772 124.460 30.747
82.757 123.777 30.071
79.612 128.927 32.164
82.985 124.262 29.220
75.697 127.580 33.153
74.652 128.057 34.088
74.107 126.901 34.902
73.729 125.900 34.279
73.521 128.752 33.313
73.909 130.124 32.847
72.822 130.731 31.954
73.367 132.016 31.319
72.317 133.022 31.001
75.517 126.800 32.544
72.785 133.742 30.521
71.602 132.598 30.463
71.987 133.384 31.880
73.800 127.132 36.178
72.954 126.170 36.935
71.964 127.007 37.788
72.393 127.769 38.667
73.798 125.337 37.888
73.851 123.983 37.482
73.870 128.053 36.580
74.151 123.383 38.201
70.741 127.102 37.299
69.680 127.773 38.049
69.043 126.848 39.076
68.826 125.662 38.762
68.699 128.239 36.997
68.877 127.247 35.887
70.377 127.074 35.844
69.188 127.155 40.368
68.619 126.269 41.376
67.456 126.994 42.073
67.557 128.184 42.368
69.682 125.888 42.400
69.096 125.039 43.529
70.833 125.136 41.722
69.322 128.133 40.612
66.293 126.315 42.077
65.098 126.973 42.608
64.620 126.172 43.845
64.025 125.095 43.676
63.995 126.917 41.538
62.793 127.806 41.801
64.590 127.259 40.172
66.284 125.316 41.888
65.276 126.442 44.996
65.047 125.637 46.156
64.452 126.481 47.285
63.402 127.091 47.068
66.307 124.933 46.666
65.993 123.835 47.499
65.905 127.215 45.014
66.835 123.568 47.954
57.131 115.896 42.331
58.359 115.320 41.752
59.395 116.335 41.388
59.242 117.530 41.734
57.950 114.535 40.488
56.880 113.499 40.802
57.498 112.214 41.328
56.928 111.607 42.250
58.733 112.050 41.090
56.225 115.769 41.907
60.578 115.945 40.898
61.589 116.985 40.587
61.319 117.590 39.200
61.185 116.893 38.188
62.964 116.330 40.601
63.280 115.548 41.863
64.099 117.269 40.248
64.597 114.782 41.814
60.696 115.003 40.527
61.469 118.926 39.099
61.310 119.546 37.807
62.606 119.892 37.136
63.308 120.831 37.567
60.368 120.744 37.890
59.969 121.360 36.550
59.079 120.363 38.637
61.557 119.472 39.918
63.114 118.995 36.275
64.413 119.249 35.617
64.221 120.158 34.376
63.349 119.871 33.566
64.990 117.883 35.200
65.933 117.234 36.187
66.928 117.975 36.826
65.758 115.903 36.580
67.943 117.359 37.560
66.625 115.350 37.544
67.756 116.046 37.950
68.658 115.428 38.799
62.472 118.402 35.751
69.505 115.993 38.868
64.650 121.413 34.558
64.228 122.485 33.659
64.701 122.255 32.249
63.884 122.121 31.317
64.646 123.861 34.196
63.926 124.993 33.467
64.763 125.632 32.360
63.958 126.551 31.460
63.591 125.967 30.147
65.264 121.664 35.311
64.450 125.612 29.794
62.950 125.245 30.325
63.195 126.680 29.577
66.023 122.361 32.023
66.579 122.077 30.676
67.998 121.514 30.749
68.872 122.112 30.126
66.577 123.334 29.820
66.418 123.055 28.433
66.637 122.573 32.766
66.166 123.867 27.932
68.111 120.243 31.149
69.456 119.705 31.391
70.141 119.449 30.023
69.551 118.852 29.134
69.147 118.400 32.124
67.687 118.439 32.526
67.084 119.228 31.382
71.443 119.765 30.016
72.255 119.359 28.874
73.233 118.273 29.344
73.447 118.118 30.553
73.028 120.557 28.292
74.225 120.107 27.459
72.119 121.445 27.427
71.920 120.058 30.844
73.249 117.198 28.539
74.107 116.053 28.918
75.305 115.961 27.988
75.127 116.129 26.781
73.272 114.780 28.922
72.875 114.374 30.343
71.999 114.920 28.082
72.841 117.218 27.619
76.511 116.152 28.562
77.723 116.277 27.725
78.943 115.726 28.488
79.979 116.383 28.562
77.960 117.754 27.399
78.272 118.520 28.551
76.583 116.021 29.554
78.332 119.486 28.338
45.767 125.402 54.771
46.357 126.403 53.867
45.995 126.062 52.400
46.147 124.910 51.943
47.882 126.364 54.010
48.655 127.485 53.380
49.979 127.741 54.074
50.235 127.180 55.150
50.863 128.346 53.403
45.942 125.462 55.770
45.550 127.091 51.687
45.393 126.931 50.231
46.673 127.363 49.518
47.229 128.452 49.779
44.177 127.739 49.776
43.090 127.889 50.815
43.644 127.280 48.427
41.881 128.703 50.383
45.296 127.967 52.127
47.275 126.419 48.849
48.563 126.673 48.180
48.378 126.348 46.687
48.533 125.189 46.286
49.622 125.766 48.812
51.041 126.292 48.796
49.230 125.358 50.233
46.717 125.649 48.498
48.399 127.400 45.840
48.560 127.180 44.391
50.060 127.077 44.006
50.854 127.753 44.652
47.947 128.348 43.591
46.519 128.701 43.919
46.216 129.543 44.982
45.455 128.207 43.162
44.906 129.954 45.238
44.122 128.438 43.556
43.863 129.271 44.620
42.560 129.478 45.042
48.256 128.329 46.233
41.930 129.444 44.269
50.436 125.932 43.406
51.862 125.720 43.176
52.146 125.739 41.660
51.594 124.873 40.942
52.268 124.361 43.755
53.502 124.479 44.634
54.271 123.164 44.751
54.044 122.515 46.124
55.018 123.065 47.130
49.756 125.365 42.980
54.942 124.068 47.112
54.827 122.675 48.011
55.946 122.820 46.816
52.570 126.883 41.148
52.593 127.017 39.676
54.061 126.947 39.230
54.889 127.434 40.010
52.028 128.366 39.230
50.845 128.708 39.939
53.089 127.520 41.711
51.045 128.890 40.882
54.351 125.905 38.490
55.715 125.810 37.911
55.653 126.290 36.464
54.990 125.586 35.677
56.105 124.350 38.005
55.140 123.759 38.965
53.862 124.511 38.737
56.222 127.430 36.164
56.008 128.009 34.817
57.194 127.720 33.949
58.225 128.410 34.129
55.706 129.504 34.937
55.212 130.134 33.666
54.748 129.734 36.100
56.924 127.836 36.762
57.339 126.435 33.592
58.536 125.960 32.863
58.160 125.662 31.428
57.533 124.599 31.220
59.051 124.680 33.541
60.391 124.827 34.252
58.001 124.098 34.485
56.506 125.872 33.430
58.885 126.255 30.445
58.546 125.912 29.051
59.141 124.576 28.655
58.536 123.706 28.052
58.954 127.007 28.078
58.440 126.728 26.788
59.219 127.187 30.620
57.452 126.682 26.843
91.284 130.018 33.966
90.954 131.038 34.983
89.434 131.229 35.020
88.854 131.633 34.028
91.667 132.369 34.646
91.187 133.580 35.405
92.287 134.526 35.848
91.946 135.655 36.270
93.448 134.102 35.892
91.455 130.387 33.038
88.818 130.627 36.060
87.353 130.491 36.074
86.693 131.573 36.907
87.198 131.947 37.975
86.919 129.088 36.499
87.193 127.970 35.521
85.454 129.109 36.976
86.160 126.860 35.585
89.270 130.655 36.972
85.830 132.360 36.233
85.101 133.394 37.011
83.770 132.748 37.475
82.900 132.402 36.660
84.725 134.543 36.058
84.270 135.777 36.813
85.846 134.916 35.108
85.454 132.028 35.359
83.703 132.411 38.746
82.445 131.880 39.307
81.601 133.101 39.756
81.442 133.354 40.935
82.713 130.985 40.518
81.695 129.894 40.693
82.012 128.715 41.383
80.399 130.007 40.186
81.047 127.794 41.738
79.518 128.902 40.264
79.824 127.829 41.090
78.897 126.834 41.251
84.517 132.461 39.341
79.128 126.214 41.994
80.782 133.541 38.822
79.691 134.489 39.120
78.431 133.726 39.551
77.983 132.828 38.831
79.326 135.332 37.895
80.413 136.291 37.452
80.092 137.745 37.782
81.181 138.342 38.670
80.948 139.791 38.940
80.710 133.073 37.922
81.746 140.156 39.380
80.839 140.257 38.040
80.106 139.877 39.482
78.189 133.772 40.866
77.074 133.004 41.457
76.283 133.917 42.412
76.689 134.196 43.542
77.575 131.783 42.230
76.583 131.234 43.069
78.745 134.369 41.473
75.918 130.761 42.479
75.042 134.245 41.971
74.174 135.050 42.795
73.406 134.123 43.771
72.472 133.396 43.353
73.212 135.712 41.814
74.013 135.765 40.534
74.749 134.436 40.522
73.286 134.649 45.012
72.499 133.878 45.986
71.419 134.789 46.620
71.712 135.899 47.049
73.417 133.352 47.093
72.845 132.178 47.838
74.818 133.018 46.579
73.941 135.357 45.324
70.160 134.457 46.343
69.089 135.398 46.722
68.074 134.787 47.635
67.449 133.756 47.365
68.450 136.028 45.469
67.417 137.087 45.801
69.481 136.575 44.502
69.892 133.564 46.004
67.687 135.581 48.655
66.708 135.059 49.629
65.278 135.159 49.121
64.920 136.215 48.620
66.838 135.832 50.960
65.587 135.874 51.610
68.249 136.331 48.946
65.599 136.427 52.420
47.437 146.189 46.641
48.325 145.047 46.449
49.769 145.511 46.616
50.418 146.039 45.697
48.111 144.380 45.079
48.671 142.964 45.065
48.600 142.331 43.676
48.941 142.996 42.682
47.836 141.325 43.554
46.646 146.355 46.048
50.406 145.075 47.721
51.714 145.633 48.060
52.847 144.950 47.303
53.258 143.873 47.707
51.954 145.455 49.566
50.796 146.032 50.372
53.265 146.145 49.961
50.533 147.476 49.979
49.912 144.463 48.367
53.306 145.561 46.223
54.121 144.855 45.261
55.579 145.185 45.314
55.902 146.394 45.333
53.606 145.058 43.838
54.617 144.786 42.742
52.312 144.283 43.607
53.159 146.560 46.085
56.389 144.272 45.889
57.842 144.539 45.893
58.500 143.760 44.770
58.569 142.539 44.795
58.410 144.078 47.250
57.752 144.682 48.457
58.264 145.850 49.029
56.774 143.967 49.160
57.789 146.334 50.252
56.183 144.558 50.300
56.686 145.725 50.845
56.116 146.265 51.982
56.146 143.287 45.785
56.432 147.186 52.150
59.155 144.465 43.822
59.905 143.688 42.813
61.370 144.013 42.940
61.780 145.158 43.243
59.349 143.939 41.413
59.872 143.067 40.310
60.154 143.766 38.990
58.862 144.214 38.328
59.141 145.139 37.198
59.162 145.471 43.852
58.294 145.423 36.773
59.595 145.912 37.613
59.713 144.650 36.563
62.256 143.028 42.753
63.663 143.233 42.950
64.487 142.394 41.985
64.858 141.254 42.297
64.129 143.033 44.385
64.044 141.672 44.758
61.880 142.115 42.592
64.117 141.129 43.937
65.029 143.019 40.954
66.074 142.391 40.149
67.419 142.391 40.855
67.823 143.432 41.404
66.081 143.206 38.854
65.435 144.539 39.194
64.355 144.101 40.160
68.046 141.222 40.993
69.461 141.229 41.392
70.414 141.201 40.236
70.425 140.264 39.452
69.772 140.077 42.343
71.230 139.830 42.624
68.937 140.140 43.605
67.726 140.451 40.419
71.265 142.237 40.082
71.982 142.444 38.806
73.514 142.364 39.057
73.863 142.424 40.227
71.646 143.810 38.197
71.747 143.896 36.681
70.305 144.325 38.707
71.251 142.994 40.723
74.250 141.785 38.125
75.685 141.637 38.305
76.428 142.897 37.812
76.597 143.086 36.586
76.211 140.400 37.585
75.791 139.235 38.273
73.844 141.323 37.313
74.859 139.041 37.973
91.254 127.974 38.543
91.109 128.982 39.563
89.671 129.490 39.613
89.235 130.318 38.831
92.036 130.164 39.265
92.338 131.086 40.435
93.397 130.461 41.330
93.109 130.044 42.470
94.542 130.350 40.859
91.874 128.025 37.745
88.940 129.079 40.675
87.604 129.601 40.850
87.606 130.925 41.579
87.904 131.031 42.781
86.679 128.609 41.551
86.377 127.358 40.749
85.350 129.252 42.004
85.673 126.251 41.521
89.394 128.530 41.395
87.147 132.009 40.924
87.108 133.336 41.524
85.719 133.728 42.029
84.819 133.843 41.210
87.609 134.425 40.552
87.556 135.814 41.166
89.032 134.100 40.073
86.910 131.952 39.941
85.461 133.597 43.323
84.074 133.375 43.801
83.393 134.725 44.011
83.433 135.343 45.056
84.139 132.628 45.139
82.837 131.965 45.552
82.736 131.373 46.816
81.933 131.555 44.567
81.642 130.563 47.139
80.777 130.840 44.922
80.694 130.247 46.182
79.605 129.465 46.479
86.171 133.765 44.025
79.229 129.001 45.679
82.787 135.232 42.929
82.099 136.508 42.917
80.600 136.370 43.162
79.889 135.701 42.444
82.293 137.228 41.563
83.693 137.814 41.454
83.776 139.005 40.492
85.177 139.131 39.920
85.498 140.539 39.553
82.602 134.603 42.147
84.909 140.739 38.794
85.301 141.079 40.379
86.450 140.620 39.316
80.157 136.792 44.361
78.860 136.301 44.890
78.191 137.466 45.635
78.622 137.830 46.736
79.130 135.131 45.863
77.986 134.300 46.011
80.736 137.267 45.007
77.688 133.961 45.130
77.185 138.054 45.049
76.239 138.898 45.773
75.314 137.971 46.592
75.072 136.799 46.214
75.478 139.614 44.664
75.674 138.795 43.434
77.049 138.215 43.591
75.072 138.393 47.808
74.181 137.616 48.706
73.034 138.467 49.239
73.330 139.519 49.850
75.009 137.060 49.864
74.410 135.795 50.473
76.444 136.792 49.460
75.203 139.364 48.037
71.807 138.209 48.791
70.730 139.166 48.953
69.751 138.732 50.016
69.145 137.671 49.892
70.031 139.369 47.591
69.265 140.656 47.476
71.009 139.196 46.443
71.611 137.230 48.590
69.652 139.505 51.110
68.939 139.044 52.289
67.698 139.890 52.582
66.570 139.459 52.584
69.871 139.028 53.498
69.094 138.730 54.656
70.181 140.363 51.094
68.526 139.531 54.905
46.731 142.915 55.277
47.208 143.450 54.008
47.845 142.435 53.099
48.415 141.411 53.521
48.101 144.666 54.220
48.247 145.612 53.062
48.399 147.054 53.477
49.516 147.460 53.862
47.372 147.755 53.615
47.010 142.006 55.540
47.677 142.627 51.770
47.949 141.540 50.831
49.296 141.771 50.109
49.622 142.899 49.675
46.839 141.409 49.799
45.460 141.376 50.432
47.075 140.225 48.874
44.357 141.522 49.389
47.109 143.379 51.451
50.178 140.818 50.252
51.553 140.993 49.769
51.784 140.343 48.410
51.260 139.244 48.113
52.499 140.356 50.812
53.952 140.511 50.406
52.243 140.906 52.194
49.922 139.867 50.505
52.466 141.042 47.497
52.981 140.377 46.279
54.494 140.603 46.161
54.993 141.725 46.032
52.238 140.979 45.063
52.741 140.398 43.750
52.247 139.182 43.261
53.705 141.067 43.003
52.420 138.850 41.916
54.065 140.580 41.718
53.369 139.514 41.152
53.742 138.984 39.943
52.969 141.838 47.857
53.848 139.720 39.270
55.233 139.480 46.090
56.661 139.547 46.154
57.300 138.917 44.904
56.958 137.828 44.505
57.175 138.878 47.437
58.511 139.415 47.914
59.353 138.393 48.685
58.596 137.692 49.788
59.485 137.113 50.815
54.764 138.619 45.942
59.907 137.851 51.331
58.984 136.517 51.419
60.230 136.600 50.372
58.444 139.524 44.528
59.134 138.998 43.326
60.643 139.233 43.462
61.033 140.386 43.547
58.590 139.641 42.054
58.799 138.801 40.924
58.513 140.518 44.719
59.738 138.490 40.956
61.351 138.213 43.953
62.812 138.114 43.718
63.128 137.701 42.306
62.505 136.760 41.817
63.278 137.060 44.726
62.272 137.154 45.817
60.950 137.341 45.084
63.912 138.495 41.609
64.249 138.128 40.220
65.795 138.107 40.119
66.415 138.942 40.804
63.698 139.164 39.233
63.610 138.723 37.793
62.325 139.674 39.680
64.364 139.295 42.029
66.325 136.903 39.803
67.809 136.866 39.699
68.153 137.043 38.211
67.728 136.284 37.362
68.261 135.470 40.181
69.678 135.442 40.714
67.294 134.956 41.240
65.751 136.273 39.288
68.893 138.107 37.890
69.242 138.416 36.510
70.603 139.094 36.411
71.634 138.439 36.402
68.146 139.261 35.857
68.483 139.574 34.505
69.124 138.767 38.626
68.169 138.813 33.961
65.183 129.769 49.391
66.060 130.720 48.743
66.586 130.231 47.423
66.724 129.028 47.190
67.216 131.100 49.684
68.141 129.991 50.097
69.064 130.337 51.255
68.725 131.216 52.079
70.187 129.788 51.304
65.474 129.280 50.196
66.704 131.153 46.452
67.191 130.789 45.097
68.736 130.812 45.084
69.394 131.433 45.944
66.734 131.901 44.128
65.246 132.099 44.147
67.209 131.576 42.716
64.475 131.571 42.963
66.355 132.092 46.595
69.304 129.854 44.334
70.769 129.864 44.110
71.041 129.928 42.622
70.337 129.349 41.764
71.376 128.597 44.733
72.495 127.949 43.921
71.932 128.920 46.129
68.757 129.455 43.591
71.966 130.819 42.232
72.241 130.906 40.783
73.770 130.812 40.543
74.486 131.361 41.371
71.715 132.222 40.195
71.918 132.418 38.711
72.730 133.447 38.222
71.470 131.469 37.805
72.919 133.608 36.847
71.655 131.624 36.423
72.495 132.625 35.959
72.545 132.891 34.600
72.536 131.306 42.890
72.209 132.074 34.099
74.135 129.760 39.844
75.554 129.349 39.842
76.078 129.294 38.398
75.905 128.267 37.763
75.685 127.935 40.426
75.203 127.861 41.847
75.579 126.548 42.543
74.562 125.464 42.172
75.118 124.110 42.380
73.537 129.375 39.127
75.946 124.094 41.849
75.277 123.946 43.337
74.463 123.461 41.964
76.814 130.323 37.973
77.344 130.293 36.612
78.862 130.387 36.591
79.494 131.409 36.923
76.795 131.511 35.846
77.584 131.765 34.690
77.003 131.110 38.582
77.510 131.001 34.069
79.497 129.303 36.173
80.957 129.315 35.929
81.216 129.901 34.572
80.463 129.594 33.633
81.359 127.840 36.063
80.450 127.448 37.193
79.105 127.942 36.665
82.122 130.870 34.441
82.554 131.259 33.105
84.063 131.020 32.874
84.875 131.202 33.802
82.171 132.706 32.766
82.632 133.165 31.414
80.699 132.939 33.024
82.568 131.292 35.239
84.392 130.369 31.753
85.772 129.974 31.502
86.420 130.775 30.396
86.088 130.540 29.238
85.800 128.461 31.195
87.189 127.951 30.858
85.216 127.709 32.399
83.816 130.563 30.936
87.445 131.587 30.722
88.022 132.432 29.651
89.314 131.795 29.081
89.863 132.434 28.163
88.303 133.825 30.203
88.130 134.806 29.206
87.530 131.885 31.668
88.758 135.560 29.430
92.458 131.153 46.537
91.085 131.400 46.129
90.739 132.865 46.452
90.938 133.313 47.555
90.130 130.512 46.945
88.688 130.747 46.583
87.932 129.525 46.113
88.259 128.387 46.505
87.023 129.688 45.277
92.774 130.369 47.059
90.276 133.599 45.437
89.830 134.992 45.626
88.301 134.944 45.856
87.673 134.134 45.194
90.128 135.816 44.352
91.501 135.578 43.743
89.849 137.288 44.601
91.614 136.121 42.345
90.043 133.170 44.555
87.832 135.652 46.853
86.386 135.606 47.172
85.874 137.057 47.384
86.386 137.803 48.224
86.194 134.886 48.526
85.622 133.495 48.459
87.463 134.946 49.379
88.340 136.397 47.259
84.801 137.332 46.664
84.150 138.633 46.798
82.697 138.423 47.229
81.776 138.506 46.399
84.171 139.415 45.462
84.090 140.926 45.617
82.861 141.559 45.711
85.248 141.678 45.785
82.736 142.908 46.039
85.122 143.070 46.020
83.883 143.690 46.036
83.783 145.056 46.230
84.390 136.674 46.023
83.380 145.513 45.425
82.514 138.086 48.477
81.213 137.565 48.923
80.480 138.725 49.642
81.096 139.450 50.462
81.382 136.372 49.855
82.212 135.267 49.216
81.811 133.867 49.689
82.071 133.673 51.188
81.047 132.874 51.892
83.135 138.428 49.206
80.219 133.419 51.887
80.895 132.046 51.387
81.338 132.725 52.833
79.365 139.178 49.066
78.975 140.590 49.310
77.513 140.587 49.818
76.641 140.557 48.953
79.070 141.397 48.009
78.648 142.744 48.226
78.853 138.575 48.447
77.669 142.731 48.427
77.321 141.194 51.011
75.944 141.293 51.504
75.289 142.537 50.902
75.819 143.663 50.969
76.059 141.376 53.006
77.450 140.970 53.329
78.290 141.249 52.116
74.089 142.364 50.302
73.180 143.506 50.085
71.807 143.250 50.729
71.341 142.126 50.616
73.007 143.730 48.579
72.153 144.941 48.288
74.359 143.882 47.905
73.798 141.478 49.998
71.373 144.168 51.564
70.229 143.873 52.439
68.907 144.232 51.781
68.879 144.772 50.665
70.365 144.567 53.793
70.404 143.598 54.954
71.521 145.536 53.825
71.581 145.137 51.373
67.800 143.866 52.381
66.494 144.486 52.040
66.228 145.674 53.006
65.979 146.761 52.517
65.379 143.464 52.213
65.386 142.557 51.138
67.876 143.510 53.329
64.796 141.782 51.331
64.445 132.805 31.499
64.420 131.409 31.804
63.162 130.939 32.533
62.316 130.281 31.905
65.675 130.990 32.567
66.987 131.229 31.857
68.180 131.488 32.773
67.993 131.730 33.975
69.320 131.490 32.242
64.830 133.204 30.643
63.190 130.902 33.857
62.138 130.203 34.605
61.227 131.137 35.371
61.723 132.012 36.067
62.754 129.135 35.523
64.168 128.712 35.147
61.870 127.889 35.629
64.581 127.351 35.675
63.728 131.599 34.360
59.972 130.722 35.627
59.192 131.306 36.723
58.603 130.247 37.629
58.377 129.121 37.202
58.043 132.143 36.139
57.025 132.517 37.212
58.617 133.364 35.444
59.466 130.196 34.914
58.788 130.464 38.944
58.107 129.582 39.902
57.189 130.297 40.850
57.544 131.336 41.408
59.099 128.722 40.682
58.509 127.617 41.526
58.285 127.820 42.887
58.253 126.352 41.012
57.819 126.797 43.706
57.916 125.272 41.861
57.706 125.510 43.199
57.367 124.493 44.073
59.162 131.333 39.263
58.040 124.553 44.832
55.893 129.938 40.864
54.866 130.817 41.448
54.291 130.161 42.677
53.858 128.987 42.578
53.775 131.075 40.412
53.641 132.561 40.103
52.192 133.020 40.186
51.820 134.058 39.127
50.353 134.130 38.951
55.629 128.978 40.640
50.051 133.274 38.499
49.942 134.203 39.863
50.106 134.909 38.384
54.222 130.849 43.822
53.355 130.286 44.885
52.397 131.326 45.434
52.709 132.173 46.260
54.238 129.688 45.981
53.733 128.426 46.373
54.379 131.820 43.840
54.125 128.161 47.262
51.221 131.426 44.784
50.118 132.249 45.317
49.426 131.472 46.429
49.080 130.279 46.281
49.236 132.572 44.135
50.109 132.286 42.926
50.958 131.098 43.367
49.548 132.000 47.654
49.153 131.317 48.856
48.078 132.005 49.668
48.111 133.239 49.869
50.339 130.957 49.746
50.044 129.864 50.768
51.571 130.554 48.923
49.652 133.013 47.686
46.941 131.308 49.832
45.859 131.952 50.609
45.545 131.216 51.880
45.379 129.979 51.880
44.585 132.025 49.756
43.849 133.341 49.783
44.795 131.543 48.330
47.031 130.304 49.878
45.497 131.892 53.034
45.222 131.250 54.319
43.921 131.762 54.903
43.432 131.206 55.913
46.396 131.490 55.267
46.535 130.459 56.220
45.566 132.872 53.013
46.472 129.591 55.726
73.821 150.296 42.186
72.610 149.500 42.061
72.961 148.090 41.628
72.596 147.645 40.518
71.680 150.153 41.009
70.220 149.806 41.254
69.680 150.487 42.504
69.472 149.839 43.531
69.486 151.731 42.426
74.403 150.420 41.385
73.374 147.276 42.601
73.360 145.815 42.419
72.001 145.195 42.587
71.438 144.597 41.644
74.350 145.148 43.376
75.821 145.434 43.116
74.096 143.651 43.471
76.751 144.327 43.545
73.609 147.686 43.473
71.288 145.492 43.679
69.920 144.989 43.782
68.905 146.131 43.787
69.004 147.093 44.569
69.705 144.170 45.072
68.397 143.393 45.086
70.898 143.273 45.314
71.678 146.071 44.389
68.224 146.233 42.627
67.232 147.326 42.479
65.959 146.909 43.217
65.502 145.785 43.247
66.951 147.580 40.998
65.822 148.538 40.709
64.535 148.055 40.497
66.060 149.896 40.479
63.490 148.909 40.128
65.015 150.750 40.086
63.734 150.243 39.856
62.821 151.002 39.145
68.012 145.356 42.163
61.914 150.969 39.519
65.329 147.935 43.826
64.242 147.617 44.770
63.058 148.540 44.583
63.225 149.763 44.345
64.763 147.712 46.216
63.748 147.423 47.298
63.356 145.954 47.342
62.138 145.737 48.235
62.500 145.674 49.675
65.702 148.865 43.771
61.646 145.644 50.187
63.072 144.874 49.832
63.008 146.521 49.873
61.866 147.995 44.329
60.689 148.891 44.165
59.568 148.411 45.049
58.776 147.557 44.592
60.295 148.955 42.689
59.695 150.213 42.405
61.762 147.010 44.283
60.366 150.912 42.560
59.252 149.154 46.122
57.974 148.971 46.795
56.868 149.862 46.293
56.938 151.064 46.482
58.292 149.147 48.281
59.796 149.075 48.408
60.278 149.624 47.075
55.952 149.297 45.520
54.951 150.127 44.814
53.562 149.493 45.084
53.523 148.362 45.566
55.235 150.081 43.314
56.559 150.695 42.880
55.177 148.641 42.788
55.895 148.300 45.448
52.526 150.344 45.104
51.200 149.802 45.414
50.455 149.594 44.089
50.415 150.515 43.305
50.418 150.810 46.281
50.729 150.614 47.762
50.787 152.254 45.903
52.607 151.269 44.742
50.067 148.335 43.831
49.333 148.062 42.603
47.905 147.622 42.855
47.123 148.288 43.566
50.074 147.043 41.734
49.666 145.727 42.103
49.917 147.739 44.624
49.901 145.527 43.053
76.737 128.389 22.811
76.710 129.628 23.618
76.583 129.351 25.095
77.651 129.298 25.750
75.605 130.572 23.104
75.427 130.473 21.604
74.633 131.589 20.981
75.222 132.563 20.506
73.378 131.539 21.136
77.656 128.092 22.501
75.418 128.994 25.607
75.323 128.652 27.051
75.189 127.185 27.314
74.506 126.426 26.601
74.156 129.448 27.662
74.193 130.948 27.413
74.017 129.121 29.164
75.579 131.532 27.540
74.666 128.789 24.995
75.891 126.675 28.357
75.708 125.337 28.860
74.818 125.296 30.129
74.797 126.262 30.925
77.051 124.700 29.231
76.917 123.321 29.838
78.009 124.631 28.034
76.463 127.340 28.874
73.692 124.567 29.981
72.753 124.414 31.079
72.905 123.039 31.725
72.795 122.031 31.006
71.311 124.543 30.563
70.893 125.972 30.350
70.199 126.657 31.345
71.110 126.604 29.134
69.811 127.988 31.158
70.612 127.910 28.894
69.901 128.556 29.887
69.458 129.854 29.688
73.646 123.944 29.183
68.909 129.868 28.855
73.406 122.979 32.967
74.031 121.733 33.465
73.138 121.117 34.505
72.483 120.068 34.298
75.418 122.008 34.062
76.401 120.884 33.873
76.502 120.321 32.464
76.650 118.806 32.415
76.707 118.300 31.019
73.789 123.826 33.375
77.485 118.755 30.586
76.894 117.331 31.035
75.847 118.547 30.609
72.774 121.879 35.551
71.662 121.507 36.423
70.748 122.679 36.665
71.007 123.531 37.509
72.245 121.034 37.777
72.257 119.608 37.832
73.302 122.721 35.707
71.366 119.214 37.726
69.705 122.797 35.841
68.547 123.639 36.210
67.484 122.825 36.983
67.004 121.830 36.423
67.973 124.110 34.898
69.080 123.879 33.885
69.721 122.589 34.372
67.350 123.069 38.257
66.487 122.192 39.092
65.412 123.088 39.761
65.691 123.969 40.557
67.389 121.590 40.195
66.637 120.628 41.069
68.612 120.900 39.581
67.723 123.870 38.709
64.161 122.661 39.567
63.068 123.424 40.190
62.320 122.465 41.155
61.792 121.417 40.744
62.076 123.900 39.120
61.180 125.049 39.498
62.765 124.096 37.793
63.917 121.966 38.917
62.560 122.675 42.463
62.346 121.627 43.439
61.683 122.183 44.717
60.892 123.097 44.571
63.640 120.891 43.817
63.494 119.484 43.679
63.155 123.457 42.684
62.650 119.154 44.124
12.343 140.945 17.366
12.784 142.288 17.070
11.861 143.017 16.069
11.614 144.226 16.238
14.187 142.244 16.429
14.941 143.540 16.535
15.479 143.873 17.915
15.751 142.954 18.711
15.536 145.098 18.219
12.731 140.476 18.180
11.646 142.394 14.918
11.250 143.141 13.695
9.757 143.194 13.610
9.192 144.209 13.176
11.916 142.458 12.500
13.395 142.237 12.615
11.519 143.109 11.164
14.101 142.352 11.273
11.833 141.409 14.784
9.081 142.022 13.587
7.660 142.034 13.275
6.875 141.789 14.593
7.392 140.984 15.391
7.311 140.913 12.279
5.844 140.696 12.016
8.040 141.132 10.947
9.575 141.148 13.746
6.155 142.823 14.994
5.639 142.844 16.385
4.418 141.925 16.466
3.380 142.350 15.910
5.306 144.272 16.796
6.543 145.098 17.059
7.574 144.592 17.846
6.585 146.452 16.708
8.610 145.404 18.312
7.593 147.287 17.213
8.580 146.768 18.046
9.563 147.605 18.552
5.703 143.409 14.332
10.285 147.659 17.887
4.404 140.993 17.407
3.103 140.451 17.880
3.255 140.080 19.366
4.400 139.798 19.749
2.771 139.166 17.087
1.405 138.594 17.350
0.831 137.858 16.145
-0.685 138.066 16.048
-0.994 139.364 15.377
5.242 140.576 17.744
-0.658 139.240 14.450
-1.968 139.501 15.400
-0.547 140.087 15.880
2.252 140.430 20.176
2.579 140.594 21.615
1.520 140.004 22.518
0.358 139.911 22.151
2.845 142.061 21.911
3.989 142.511 21.216
1.428 140.862 19.851
3.705 143.072 20.430
1.890 139.618 23.733
0.930 139.369 24.825
0.528 140.719 25.431
1.398 141.565 25.741
1.633 138.469 25.817
2.787 137.897 25.007
3.212 139.025 24.086
-0.718 140.818 25.911
-1.059 141.893 26.846
-1.186 141.392 28.297
-1.680 140.292 28.468
-2.413 142.486 26.454
-2.369 143.979 26.186
-3.105 141.736 25.337
-1.389 140.073 25.773
-0.602 142.128 29.217
-0.727 141.750 30.643
-2.129 142.027 31.149
-2.745 141.122 31.721
0.263 142.594 31.448
-0.196 142.784 32.890
1.652 141.985 31.368
-0.157 142.991 29.021
-2.782 142.980 30.461
-4.102 143.411 30.982
-4.723 144.424 29.981
-4.914 145.561 30.378
-3.947 144.131 32.332
-5.170 144.768 32.653
-2.263 143.697 29.979
-5.099 145.709 32.346
26.511 84.402 36.626
26.352 85.821 36.836
27.118 86.617 35.763
28.193 86.224 35.276
26.864 86.236 38.215
26.052 85.740 39.383
26.839 85.318 40.601
27.076 86.139 41.505
27.049 84.088 40.728
27.376 83.887 36.739
26.599 87.798 35.401
27.116 88.441 34.185
27.298 89.946 34.385
26.770 90.488 35.371
26.202 88.167 32.997
26.929 87.676 31.760
25.369 89.410 32.650
27.769 86.439 32.007
26.006 88.317 36.010
28.382 90.476 33.802
28.701 91.881 34.159
28.004 92.783 33.103
28.207 92.550 31.894
30.205 92.114 34.166
30.606 93.543 34.404
30.929 91.141 35.068
28.601 90.160 32.865
26.811 93.286 33.502
26.163 94.272 32.600
26.112 95.640 33.257
26.440 95.725 34.457
24.755 93.776 32.219
24.534 93.570 30.736
24.248 94.638 29.884
24.716 92.308 30.175
24.273 94.470 28.493
24.811 92.154 28.772
24.483 93.215 27.944
24.352 93.019 26.587
26.627 93.379 34.485
23.535 93.503 26.253
26.218 96.701 32.464
26.663 98.011 32.946
25.724 99.137 32.494
24.811 98.872 31.748
28.082 98.337 32.482
29.185 97.723 33.331
29.107 98.150 34.778
30.371 97.887 35.576
30.196 98.145 37.034
25.916 96.609 31.506
29.409 97.656 37.369
31.042 97.818 37.477
30.117 99.142 37.133
25.787 100.282 33.179
24.882 101.368 32.874
25.455 102.388 31.912
26.560 102.861 32.071
24.343 102.044 34.127
23.883 103.350 33.820
26.580 100.478 33.786
23.297 103.267 32.990
24.550 102.891 31.038
24.989 103.842 30.057
25.801 104.988 30.639
26.606 105.547 29.926
23.692 104.271 29.409
22.635 103.269 29.723
23.237 102.310 30.701
25.367 105.450 31.820
26.054 106.557 32.454
26.772 106.017 33.716
26.117 105.549 34.667
25.060 107.644 32.909
25.768 108.820 33.548
24.160 108.084 31.741
24.663 104.951 32.348
28.071 106.142 33.728
28.830 105.763 34.937
28.740 106.942 35.927
28.278 108.006 35.479
30.297 105.597 34.538
31.292 105.669 35.696
30.521 104.301 33.769
28.539 106.677 33.013
28.532 106.562 37.186
28.064 107.512 38.213
28.897 107.429 39.482
30.062 106.968 39.475
26.615 107.182 38.552
26.537 105.943 39.230
28.650 105.607 37.440
26.989 106.013 40.103
67.313 134.423 33.622
66.309 135.099 34.466
65.516 134.111 35.292
64.759 133.338 34.713
65.377 135.959 33.626
64.445 136.813 34.450
63.734 137.888 33.626
64.244 138.229 32.563
62.918 138.626 34.256
67.827 133.682 34.016
65.781 133.980 36.586
64.798 133.244 37.426
63.919 134.312 38.128
64.406 134.995 39.007
65.497 132.448 38.529
66.540 131.483 38.038
64.459 131.786 39.440
67.624 131.246 39.085
66.491 134.476 37.062
62.609 134.247 37.899
61.686 134.969 38.785
61.058 134.023 39.816
60.590 132.918 39.450
60.562 135.597 37.961
60.022 136.926 38.494
60.894 135.705 36.492
62.216 133.560 37.302
61.125 134.376 41.072
60.297 133.712 42.087
59.086 134.612 42.433
59.242 135.786 42.696
61.139 133.493 43.342
60.631 132.432 44.304
59.609 132.718 45.201
61.030 131.098 44.138
58.913 131.714 45.884
60.380 130.101 44.894
59.402 130.415 45.817
58.799 129.402 46.528
61.619 135.214 41.314
59.247 129.365 47.439
57.937 134.127 42.011
56.723 134.960 41.967
55.710 134.492 43.039
55.477 133.292 43.171
56.089 134.866 40.562
56.495 136.033 39.683
56.349 135.678 38.215
56.628 136.900 37.350
56.564 138.181 38.100
57.851 133.133 41.854
56.679 138.945 37.493
55.641 138.179 38.504
57.270 138.174 38.811
55.366 135.422 43.955
54.704 134.960 45.174
53.673 135.904 45.723
54.010 136.792 46.523
55.724 134.545 46.235
55.288 133.447 47.017
55.657 136.347 43.803
54.866 132.748 46.440
52.443 135.908 45.199
51.391 136.635 45.930
50.951 135.881 47.172
50.808 134.651 47.086
50.261 136.787 44.936
50.531 135.777 43.872
51.998 135.472 43.893
51.121 136.487 48.327
50.593 135.918 49.553
49.559 136.850 50.199
49.527 138.040 49.885
51.673 135.599 50.579
52.942 135.066 49.963
51.959 136.792 51.507
51.631 137.357 48.408
48.406 136.231 50.540
47.462 136.981 51.405
47.884 136.780 52.854
48.023 135.608 53.232
46.048 136.437 51.204
45.109 136.603 52.367
45.444 137.013 49.940
48.351 135.219 50.535
48.090 137.849 53.608
48.286 137.719 55.027
47.921 138.988 55.789
46.932 139.009 56.543
49.696 137.249 55.376
50.681 138.059 54.780
48.092 138.765 53.168
51.555 137.623 54.935
22.340 129.778 45.792
21.966 128.369 45.965
21.597 127.741 44.599
21.433 128.438 43.582
20.829 128.212 46.966
20.566 129.508 47.725
19.306 129.407 48.586
18.616 128.376 48.570
18.912 130.461 49.130
22.123 130.505 46.445
21.279 126.442 44.608
20.880 125.769 43.409
19.518 125.093 43.526
19.366 124.262 44.415
21.927 124.719 42.977
23.371 125.157 43.079
21.655 124.195 41.563
24.183 124.306 44.052
21.588 125.930 45.430
18.630 125.272 42.564
17.262 124.811 42.705
16.773 124.077 41.443
17.091 124.530 40.368
16.311 126.015 42.903
14.978 125.672 43.561
16.962 127.164 43.637
18.886 125.750 41.718
16.235 122.880 41.607
15.901 122.043 40.449
14.433 122.156 40.096
13.642 122.795 40.820
16.328 120.601 40.684
17.820 120.388 40.845
18.427 120.421 42.094
18.605 120.045 39.738
19.754 120.035 42.253
19.871 119.438 39.927
20.471 119.505 41.182
21.712 118.928 41.385
15.797 122.615 42.477
21.632 117.924 41.307
13.963 121.470 39.062
12.604 121.581 38.564
11.789 120.374 38.995
12.302 119.235 38.940
12.613 121.630 37.029
13.393 122.785 36.434
13.282 122.954 34.939
12.701 124.338 34.623
11.231 124.350 34.789
14.544 120.744 38.656
10.924 125.302 34.637
10.823 123.784 34.076
11.019 124.050 35.710
10.670 120.619 39.666
9.863 119.558 40.216
8.929 118.921 39.207
8.186 119.636 38.508
9.083 120.021 41.452
8.294 121.163 41.194
10.389 121.579 39.763
7.692 121.357 41.967
8.878 117.585 39.191
8.008 116.935 38.195
6.903 116.115 38.797
6.767 116.060 40.026
9.037 116.097 37.433
9.845 115.546 38.566
10.064 116.736 39.480
6.125 115.449 37.957
4.840 114.879 38.432
5.006 113.388 38.716
5.669 112.655 37.948
3.807 115.052 37.332
2.683 114.030 37.417
3.251 116.471 37.286
6.453 115.230 37.043
4.783 113.045 39.978
4.995 111.649 40.391
3.839 110.751 39.888
2.656 111.130 40.045
5.030 111.513 41.914
5.433 110.110 42.345
5.943 112.521 42.590
4.243 113.615 40.612
4.162 109.801 39.020
3.115 109.010 38.342
2.473 108.061 39.316
2.794 106.903 39.493
3.710 108.278 37.140
2.739 107.542 36.418
5.103 109.501 38.861
2.482 106.742 36.933
