0.00210668	0.0030614	0.00202056	0.00184277	0.00177312	0.00198706	0.00199249	0.00215435	0.00311039	0.00439319	0.00649677
0.00303913	0.0045253	0.00398174	0.00488639	0.00407551	0.00338591	0.00388253	0.00375639	0.00775997	0.00790821	0.00695447
0.00198449	0.00392329	0.00475018	0.00697384	0.00661203	0.00658283	0.00493981	0.0089413	0.00957821	0.00868657	0.00613017
0.0018452	0.00487899	0.00700305	0.00819836	0.0107085	0.00822246	0.0102326	0.0116218	0.0105897	0.0085713	0.00450876
0.00179863	0.00407959	0.00660149	0.0105899	0.0128131	0.0129704	0.0126766	0.0134635	0.0105703	0.00507928	0.00276525
0.00200297	0.00338525	0.00651561	0.00815112	0.0129772	0.0126229	0.0130244	0.0110879	0.00917098	0.00488286	0.00344485
0.00197464	0.00376762	0.00499116	0.0100785	0.0127341	0.0129905	0.0117255	0.00776646	0.00507222	0.00369131	0.00255972
0.00213754	0.00370059	0.00889583	0.0115458	0.0134094	0.010975	0.00777829	0.00793121	0.00579954	0.00408927	0.00215475
0.00314189	0.0076131	0.00950368	0.0105704	0.0104825	0.0090874	0.00510499	0.00591879	0.00500067	0.00352003	0.00197483
0.00442001	0.00783229	0.00865534	0.00843028	0.00505587	0.00495032	0.00369533	0.00412816	0.00348464	0.00314053	0.00174898
0.00646232	0.00689975	0.00606431	0.00446883	0.00275552	0.00349614	0.00259852	0.00218825	0.00197669	0.00180136	0.00178178
