0.00233773	0.0042518	0.00299501	0.00287783	0.00207058	0.00298386	0.00239558	0.00266903	0.00388892	0.00615054	0.00745797
0.0044173	0.0055113	0.0055947	0.00580743	0.00489752	0.00635073	0.0050002	0.00559562	0.00897728	0.0091889	0.0084528
0.00317838	0.00581642	0.0104477	0.0109735	0.0106272	0.0109371	0.00793199	0.0133151	0.0132103	0.0125958	0.00899242
0.00316584	0.00620437	0.0110206	0.010377	0.013066	0.0114103	0.0126114	0.0142812	0.0134823	0.0114761	0.00808723
0.00206097	0.00508022	0.0109416	0.0132848	0.0153421	0.0170701	0.0151049	0.0166493	0.0137976	0.00781302	0.00405464
0.00295864	0.00642405	0.0114951	0.0117841	0.01712	0.016884	0.0157021	0.0153611	0.0129212	0.00899999	0.0078647
0.00241051	0.00519238	0.00818579	0.012845	0.0153057	0.0159403	0.0141162	0.0124051	0.00812077	0.00596634	0.00425189
0.00273968	0.00566576	0.0134199	0.0141145	0.0166189	0.0155489	0.0124921	0.0109632	0.00862135	0.00663512	0.00349808
0.00396205	0.00892931	0.0132155	0.0133248	0.0134956	0.0127585	0.00804815	0.00856618	0.00746856	0.00571273	0.00359664
0.00603157	0.00899901	0.0123151	0.0112684	0.00778089	0.00887877	0.00596796	0.00669788	0.00574743	0.00498219	0.00290904
0.00732393	0.00825588	0.00869233	0.00790635	0.00402833	0.00777638	0.00425461	0.00348674	0.00353435	0.00284947	0.00240073
