5.935452901666748105e+00 2.302585092994045723e+01 2.302585092994045723e+01 2.302585092994045723e+01 2.302585092994045723e+01 2.302585092994045723e+01 2.302585092994045723e+01 2.302585092994045723e+01 2.302585092994045723e+01 2.302585092994045723e+01 2.302585092994045723e+01 2.302585092994045723e+01 2.302585092994045723e+01 2.302585092994045723e+01 2.302585092994045723e+01 2.302585092994045723e+01
4.207856544326935122e+00 1.611809565095832042e+01 2.302585092994045723e+01 2.302585092994045723e+01 2.302585092994045723e+01 2.302585092994045723e+01 2.302585092994045723e+01 2.302585092994045723e+01 2.302585092994045723e+01 2.302585092994045723e+01 2.302585092994045723e+01 2.302585092994045723e+01 2.302585092994045723e+01 2.302585092994045723e+01 2.302585092994045723e+01 2.302585092994045723e+01
3.469751153139056576e+00 7.863436738461211384e+00 2.302585092994045723e+01 2.302585092994045723e+01 2.302585092994045723e+01 2.302585092994045723e+01 2.302585092994045723e+01 2.302585092994045723e+01 2.302585092994045723e+01 2.302585092994045723e+01 2.302585092994045723e+01 2.302585092994045723e+01 2.302585092994045723e+01 2.302585092994045723e+01 2.302585092994045723e+01 2.302585092994045723e+01
3.357230258249039423e+00 5.490071268372981983e+00 9.175214570000807868e+00 2.302585092994045723e+01 2.302585092994045723e+01 2.302585092994045723e+01 2.302585092994045723e+01 2.302585092994045723e+01 2.302585092994045723e+01 2.302585092994045723e+01 2.302585092994045723e+01 2.302585092994045723e+01 2.302585092994045723e+01 2.302585092994045723e+01 2.302585092994045723e+01 2.302585092994045723e+01
4.071178480040280157e+00 4.582582225649697527e+00 5.484815633665502510e+00 8.905063991123450151e+00 2.302585092994045723e+01 2.302585092994045723e+01 2.302585092994045723e+01 2.302585092994045723e+01 2.302585092994045723e+01 2.302585092994045723e+01 2.302585092994045723e+01 2.302585092994045723e+01 2.302585092994045723e+01 2.302585092994045723e+01 2.302585092994045723e+01 2.302585092994045723e+01
1.007013262994507485e+01 5.565961545263310661e+00 4.797632991858938212e+00 5.371339774293918623e+00 7.081364895174069751e+00 1.307357321323489607e+01 2.302585092994045723e+01 2.302585092994045723e+01 2.302585092994045723e+01 2.302585092994045723e+01 2.302585092994045723e+01 2.302585092994045723e+01 2.302585092994045723e+01 2.302585092994045723e+01 2.302585092994045723e+01 2.302585092994045723e+01
2.302585092994045723e+01 6.561651008269121732e+00 5.972927426109571059e+00 5.951705517334633377e+00 4.914842276331487625e+00 6.693208574893445117e+00 1.108114304854469090e+01 1.432633618173026413e+01 2.302585092994045723e+01 2.302585092994045723e+01 2.302585092994045723e+01 2.302585092994045723e+01 2.302585092994045723e+01 2.302585092994045723e+01 2.302585092994045723e+01 2.302585092994045723e+01
2.302585092994045723e+01 7.294521309657817199e+00 7.332632590611762424e+00 7.053359252840929017e+00 5.639998144098861133e+00 4.634310675734508500e+00 5.691760034678983615e+00 7.509965464549980041e+00 8.185912981497448726e+00 9.781269919811878211e+00 2.302585092994045723e+01 2.302585092994045723e+01 2.302585092994045723e+01 2.302585092994045723e+01 2.302585092994045723e+01 2.302585092994045723e+01
2.302585092994045723e+01 7.746737807765627259e+00 7.994167294568928384e+00 8.046252501349162145e+00 7.007437502255289274e+00 4.768830943594125849e+00 4.315082259924407637e+00 4.997324280036583133e+00 5.065100719639330507e+00 6.186020641570279643e+00 6.562659616917181360e+00 7.511793284470306808e+00 1.150545345013152776e+01 2.302585092994045723e+01 2.302585092994045723e+01 2.302585092994045723e+01
2.302585092994045723e+01 8.141843707212697012e+00 8.372119295523949845e+00 8.462705006132168251e+00 7.934628470495270314e+00 6.779889907984241404e+00 4.856449614881483079e+00 4.232779385609355849e+00 5.198901988249838624e+00 5.774178115278170154e+00 4.521957891381902961e+00 4.818635720751029972e+00 3.798187752019860142e+00 5.888438754796875507e+00 9.523340252412253903e+00 2.302585092994045723e+01
2.302585092994045723e+01 8.628963092259247958e+00 8.773376596808647676e+00 8.833274738389716774e+00 8.524721457837028282e+00 7.822422329740194691e+00 6.426101032516426059e+00 4.809099518378497251e+00 4.364479490244381310e+00 5.356264326502886419e+00 4.883354175049695378e+00 4.398595137393431997e+00 3.423639328900980772e+00 3.625976019001248218e+00 4.001571689569884960e+00 5.538607076697217302e+00
2.302585092994045723e+01 9.324069137304524801e+00 9.227995307214904130e+00 9.400290955934629267e+00 9.369922441800648372e+00 8.412157728582355887e+00 7.675787656733871422e+00 6.012810765127579948e+00 5.472224424740972815e+00 4.815983814183295131e+00 5.054587181625438852e+00 4.523442744429839735e+00 3.900848177053410026e+00 3.499631937249248370e+00 2.890541522305326350e+00 4.202509005212661464e+00
2.302585092994045723e+01 1.005547390953400999e+01 9.939632999172481220e+00 1.006365630468894956e+01 1.012663110385033782e+01 9.112760043637319285e+00 8.711536723437516727e+00 7.075464123408246486e+00 6.529455838946741864e+00 5.306299136289694296e+00 4.984353700702366829e+00 4.412576567923532700e+00 4.182431790459470555e+00 3.646684322777696607e+00 2.899445298242494307e+00 3.606275107164738980e+00
2.302585092994045723e+01 1.088966441187444900e+01 1.057977761602965039e+01 1.061683744041359212e+01 1.061174837090612222e+01 9.706277383248423263e+00 9.771582481656189145e+00 8.001977219348953341e+00 7.354550323090990993e+00 6.262748473750126443e+00 5.482126028535004636e+00 4.308962063816876409e+00 4.114436051234808822e+00 4.218694236131784514e+00 3.393876743044524691e+00 3.412788297539291360e+00
2.302585092994045723e+01 1.186960040890896018e+01 1.123529372837194806e+01 1.139959677966322538e+01 1.113277816484635352e+01 1.060064275449361304e+01 1.052804194163046247e+01 8.980817213697934065e+00 8.020973720039608068e+00 7.796917343468039441e+00 6.407146671626747114e+00 4.742537497781004419e+00 4.094033610572576087e+00 4.719605082921625616e+00 4.205974690893522272e+00 3.874939189198283618e+00
2.302585092994045723e+01 1.296109522980820650e+01 1.193986960475551662e+01 1.235689553526475670e+01 1.275945788371496015e+01 1.115875365124961505e+01 1.151542859518834661e+01 9.899495531266589765e+00 8.885543166935473636e+00 9.471705136110589507e+00 7.569064702693331093e+00 5.824865950779263279e+00 4.837307182366735958e+00 4.802493711700393852e+00 4.583934762105936755e+00 4.532031254631349704e+00
2.302585092994045723e+01 1.571263054285015492e+01 1.257713632692100525e+01 1.341004544985610991e+01 1.256274758946890557e+01 1.123529372837194806e+01 1.278589114078311617e+01 1.120544076522226717e+01 9.613433295939291412e+00 1.016485231667053490e+01 8.608212589803406090e+00 7.414090997475275557e+00 6.148867175459514556e+00 5.206978699132648991e+00 4.836471925003764660e+00 4.981464916796475961e+00
2.302585092994045723e+01 2.302585092994045723e+01 1.336125528568667775e+01 1.473180128983842962e+01 1.246096489515896444e+01 1.215728248136074185e+01 1.394904195058879637e+01 1.189858794578221257e+01 1.015387384024421280e+01 1.079508567181991197e+01 1.017924105412263458e+01 9.025521934983640193e+00 7.197038632800891733e+00 6.223976848426291397e+00 5.037242394399270573e+00 5.849687245629608512e+00
2.302585092994045723e+01 2.302585092994045723e+01 1.501948336229020953e+01 1.611809565095832042e+01 1.223139045351446441e+01 1.314768118538861863e+01 1.394904195058879637e+01 1.285999911293683695e+01 1.104448555770067486e+01 1.135165731737410688e+01 1.001889840404745513e+01 9.681945282588891644e+00 8.219220499481378894e+00 7.064760027792301500e+00 6.494570047858834627e+00 6.560767100632948434e+00
2.302585092994045723e+01 2.302585092994045723e+01 1.501948336229020953e+01 1.611809565095832042e+01 1.271689826929616451e+01 1.392087107362210041e+01 1.394904195058879637e+01 1.473180128983842962e+01 1.217167121881284153e+01 1.170529735761768464e+01 1.170529735761768464e+01 9.767209934243579639e+00 9.056118266128395433e+00 8.043135291842460788e+00 7.302465924192441449e+00 7.177990437830197301e+00
2.302585092994045723e+01 2.302585092994045723e+01 2.302585092994045723e+01 1.403865410927848423e+01 1.381551055796427363e+01 1.392087107362210041e+01 1.336125528568667775e+01 2.302585092994045723e+01 1.208828960987379020e+01 1.225736593991772416e+01 1.510649473927984054e+01 1.057683210579989286e+01 8.981015961586891194e+00 9.223425611524838530e+00 8.028996685710607650e+00 7.820053989586754462e+00
2.302585092994045723e+01 2.302585092994045723e+01 2.302585092994045723e+01 1.611809565095832042e+01 1.589495209964410982e+01 1.376672039379484147e+01 1.394904195058879637e+01 2.302585092994045723e+01 1.282225878495399130e+01 1.271689826929616451e+01 2.302585092994045723e+01 1.140856544964598562e+01 1.008741039069705714e+01 9.577065651768416288e+00 8.924222021500584745e+00 8.440232150280108314e+00
2.302585092994045723e+01 2.302585092994045723e+01 2.302585092994045723e+01 2.302585092994045723e+01 1.589495209964410982e+01 1.571263054285015492e+01 1.486533268246295236e+01 2.302585092994045723e+01 2.302585092994045723e+01 1.450865773852421903e+01 1.349705682684573915e+01 1.138189720256382387e+01 1.041765207756763267e+01 1.000552027810127953e+01 9.123016543804506995e+00 9.255337737906918605e+00
2.302585092994045723e+01 2.302585092994045723e+01 2.302585092994045723e+01 2.302585092994045723e+01 1.369772752230788981e+01 2.302585092994045723e+01 2.302585092994045723e+01 2.302585092994045723e+01 2.302585092994045723e+01 2.302585092994045723e+01 1.400788245061172965e+01 1.108765772956588513e+01 1.063537556141250384e+01 1.052152726060926824e+01 9.840512753374738963e+00 1.008741039069705714e+01
2.302585092994045723e+01 2.302585092994045723e+01 2.302585092994045723e+01 2.302585092994045723e+01 1.589495209964410982e+01 1.571263054285015492e+01 2.302585092994045723e+01 2.302585092994045723e+01 2.302585092994045723e+01 2.302585092994045723e+01 1.441334755871989515e+01 1.363318900117031873e+01 1.104762035650604624e+01 9.902488052203045399e+00 1.028548030445915096e+01 1.045513517082237342e+01
2.302585092994045723e+01 2.302585092994045723e+01 2.302585092994045723e+01 2.302585092994045723e+01 2.302585092994045723e+01 2.302585092994045723e+01 2.302585092994045723e+01 2.302585092994045723e+01 2.302585092994045723e+01 2.302585092994045723e+01 2.302585092994045723e+01 2.302585092994045723e+01 1.274221607728045491e+01 1.027021283232836169e+01 1.086451417825167454e+01 1.173606901628443744e+01
2.302585092994045723e+01 2.302585092994045723e+01 2.302585092994045723e+01 2.302585092994045723e+01 2.302585092994045723e+01 2.302585092994045723e+01 2.302585092994045723e+01 2.302585092994045723e+01 2.302585092994045723e+01 2.302585092994045723e+01 2.302585092994045723e+01 2.302585092994045723e+01 2.302585092994045723e+01 1.047088352779051235e+01 1.115875365124961505e+01 1.195921256759864804e+01
2.302585092994045723e+01 2.302585092994045723e+01 2.302585092994045723e+01 2.302585092994045723e+01 2.302585092994045723e+01 2.302585092994045723e+01 2.302585092994045723e+01 2.302585092994045723e+01 2.302585092994045723e+01 2.302585092994045723e+01 2.302585092994045723e+01 2.302585092994045723e+01 1.424629347405672775e+01 1.325589477002885097e+01 1.185190083180956044e+01 1.195921256759864804e+01
2.302585092994045723e+01 2.302585092994045723e+01 2.302585092994045723e+01 2.302585092994045723e+01 2.302585092994045723e+01 2.302585092994045723e+01 2.302585092994045723e+01 2.302585092994045723e+01 2.302585092994045723e+01 2.302585092994045723e+01 2.302585092994045723e+01 2.302585092994045723e+01 1.384082836594856403e+01 1.486533268246295236e+01 1.341004544985610991e+01 1.473180128983842962e+01
2.302585092994045723e+01 2.302585092994045723e+01 2.302585092994045723e+01 2.302585092994045723e+01 2.302585092994045723e+01 2.302585092994045723e+01 2.302585092994045723e+01 2.302585092994045723e+01 2.302585092994045723e+01 2.302585092994045723e+01 2.302585092994045723e+01 2.302585092994045723e+01 1.493944065461667314e+01 1.486533268246295236e+01 2.302585092994045723e+01 2.302585092994045723e+01
