1.526475049490250369e+00 3.538128116939176060e+00 5.220471300495353795e+00 6.757218263439019879e+00 7.273699238303094283e+00 8.618049975227920712e+00 9.997798232007369279e+00 1.136594327462158205e+01 1.112003913906892372e+01 1.359236700665006481e+01 1.309159171873757543e+01 1.450865773852421903e+01 1.581490939197057344e+01 2.302585092994045723e+01 2.302585092994045723e+01 2.302585092994045723e+01
2.302585092994045723e+01 1.435450705869696186e+01 5.424958267515433974e+00 5.752815168233512466e+00 6.717350162922392620e+00 7.247344869505939258e+00 8.295675961846612267e+00 8.651200887931642214e+00 8.768663881905446544e+00 1.008580910933008212e+01 1.002872014234595532e+01 1.105867019269263274e+01 1.238092218748542805e+01 1.334290614701848199e+01 2.302585092994045723e+01 2.302585092994045723e+01
2.302585092994045723e+01 4.580869926781007351e+00 4.808147358769663704e+00 5.271748466505892239e+00 5.617805486629089629e+00 5.929123751701408374e+00 6.225774376573064650e+00 6.686413349614555912e+00 7.023587094507258932e+00 7.596537002032442309e+00 7.513960529408273636e+00 7.945507679393483791e+00 8.572111469176817877e+00 9.688712250892434596e+00 1.111793165672935935e+01 2.302585092994045723e+01
2.302585092994045723e+01 4.806086050390580233e+00 5.242202900209488092e+00 4.941295816017643006e+00 5.140503760576042858e+00 5.035020844460058598e+00 5.105763615437833636e+00 5.340998727508076804e+00 5.462057629805639358e+00 5.725038031944156280e+00 5.732513151138554974e+00 5.941294383195406148e+00 6.057835857889982023e+00 6.567643838968384884e+00 7.281994286243492986e+00 1.087988220847998910e+01
8.401681251264538020e+00 5.098575511415446293e+00 4.834646245375510354e+00 4.757462177580366713e+00 4.726167365851337898e+00 4.589247625444276224e+00 4.534428289382145039e+00 4.633046820534048926e+00 4.664522180438362753e+00 4.572299721255456362e+00 4.456427854948835865e+00 4.673890773119221187e+00 4.555354753934651058e+00 4.870082903338184721e+00 5.358432352625828621e+00 6.762789508731951393e+00
2.302585092994045723e+01 5.676787636173974860e+00 5.090343292166301659e+00 4.812768525966839128e+00 4.768915357209110972e+00 4.675760314554097796e+00 4.620311319946036832e+00 4.612144449725428252e+00 4.602395912845038239e+00 4.327601582695808524e+00 3.944297648479027529e+00 3.950542964167163440e+00 3.420268076885978559e+00 3.163065222853861602e+00 3.483843866849155813e+00 3.977584271613401778e+00
1.017902149105226073e+01 5.743569848331233629e+00 5.526080948788574254e+00 5.186202214894280793e+00 5.247911444925933644e+00 5.637362911288375855e+00 5.379999785869804541e+00 5.487240666976553882e+00 5.425859587264609374e+00 4.823028250960668117e+00 4.476969381989791330e+00 3.960038782013055592e+00 3.455536428067980559e+00 2.915397685404782280e+00 3.031278495924885963e+00 3.381840932319929216e+00
2.302585092994045723e+01 6.188473436653813664e+00 7.161398309210495583e+00 6.714452569678948990e+00 6.738056457540996469e+00 7.867149251273798605e+00 7.416101340516065399e+00 7.976080875045374441e+00 7.176002438795310745e+00 6.637966719844883734e+00 7.277627038144334648e+00 6.556394429867173912e+00 6.330352198496180804e+00 4.954745392811600979e+00 5.067949970144507432e+00 6.074556342974434919e+00
2.302585092994045723e+01 7.678323606510667254e+00 1.098046066610075577e+01 1.080530026522962928e+01 1.088988785059730979e+01 1.292453763407440981e+01 1.240859690964164841e+01 1.283468130495254833e+01 1.182592534540629892e+01 1.162292636018455738e+01 1.488335118796562995e+01 2.302585092994045723e+01 1.581490939197057344e+01 2.302585092994045723e+01 2.302585092994045723e+01 2.302585092994045723e+01
2.302585092994045723e+01 9.968026073673700083e+00 2.302585092994045723e+01 2.302585092994045723e+01 1.677042083699801012e+01 2.302585092994045723e+01 2.302585092994045723e+01 2.302585092994045723e+01 2.302585092994045723e+01 2.302585092994045723e+01 2.302585092994045723e+01 2.302585092994045723e+01 2.302585092994045723e+01 2.302585092994045723e+01 2.302585092994045723e+01 2.302585092994045723e+01
