7.302002663824080919e-01 2.168055839023796505e+00 3.322415949831921900e+00 4.409192302746650860e+00 4.792705309834933480e+00 5.760789429378426085e+00 6.395930154883062713e+00 7.364513681477852458e+00 7.805623011279515744e+00 9.369189572584994963e+00 1.009585944518358325e+01 1.128978191365601802e+01 1.267941517604142376e+01 2.302585092994045723e+01 2.302585092994045723e+01 2.302585092994045723e+01
2.302585092994045723e+01 1.329226241419972609e+01 4.152600857925613731e+00 4.088466869749328048e+00 4.539850719867448703e+00 4.882703927388057252e+00 5.388501954669193239e+00 5.775573901305341984e+00 6.312910249712571975e+00 7.065750143785034076e+00 7.663953199086869006e+00 8.667289600915454528e+00 9.796316177474338360e+00 1.464218913114874177e+01 2.302585092994045723e+01 2.302585092994045723e+01
1.837985874943210973e+01 3.224511466976068164e+00 3.456980344809428285e+00 3.671946954769195859e+00 4.038900985931516807e+00 4.273836127223002102e+00 4.666597994856239495e+00 4.942918236113356123e+00 5.469083445782785269e+00 5.936542428208944955e+00 6.600952490604464096e+00 7.563125095208052429e+00 8.989449355715267487e+00 1.097011679535118667e+01 2.302585092994045723e+01 2.302585092994045723e+01
2.302585092994045723e+01 1.202028488075973200e+01 4.759192228256181600e+00 4.919726833112413544e+00 4.725473974198316718e+00 5.161712576651065199e+00 5.148714512420985656e+00 5.555793596942751655e+00 5.738626280458733575e+00 6.244154921568819461e+00 7.005069548967663984e+00 7.708209312530591717e+00 8.854561662869265604e+00 1.207723977368720547e+01 2.302585092994045723e+01 2.302585092994045723e+01
8.071206133796819060e+00 3.661996559017676844e+00 4.349227940922495428e+00 4.752848799338506680e+00 5.292573477640645230e+00 5.540118263743629257e+00 5.734058064978953873e+00 6.036706015353670907e+00 6.447151155758924723e+00 7.135989892790497890e+00 7.354661062537472205e+00 7.688368485323358037e+00 9.501361345693478455e+00 2.302585092994045723e+01 2.302585092994045723e+01 2.302585092994045723e+01
9.318830780642937128e+00 5.546629164381837285e+00 5.620703036366102801e+00 6.689724777054750326e+00 7.138282795626103017e+00 7.305438246648246370e+00 7.713814564963869636e+00 7.813064858347058106e+00 9.028018815182228707e+00 1.029037627507135610e+01 9.219233969701861042e+00 1.000054926537925937e+01 1.361768481463435343e+01 2.302585092994045723e+01 2.302585092994045723e+01 2.302585092994045723e+01
2.302585092994045723e+01 7.061027872218068602e+00 7.639253550926005332e+00 8.172127036145223400e+00 1.003108420964083614e+01 9.790158867229125761e+00 1.171544972908170301e+01 1.068728910136420396e+01 1.288679730609156238e+01 1.497866136776995560e+01 2.302585092994045723e+01 1.589495209964410982e+01 2.302585092994045723e+01 2.302585092994045723e+01 2.302585092994045723e+01 2.302585092994045723e+01
2.302585092994045723e+01 1.768671156887216611e+01 1.091134547793577347e+01 1.136235260649085355e+01 1.469097929531817393e+01 1.497866136776995560e+01 2.302585092994045723e+01 2.302585092994045723e+01 2.302585092994045723e+01 2.302585092994045723e+01 2.302585092994045723e+01 2.302585092994045723e+01 2.302585092994045723e+01 2.302585092994045723e+01 2.302585092994045723e+01 2.302585092994045723e+01
2.302585092994045723e+01 9.727785075822055205e+00 1.618263417209589150e+01 1.491412284663238452e+01 2.302585092994045723e+01 2.302585092994045723e+01 2.302585092994045723e+01 2.302585092994045723e+01 2.302585092994045723e+01 2.302585092994045723e+01 2.302585092994045723e+01 2.302585092994045723e+01 2.302585092994045723e+01 2.302585092994045723e+01 2.302585092994045723e+01 2.302585092994045723e+01
2.302585092994045723e+01 2.302585092994045723e+01 2.302585092994045723e+01 2.302585092994045723e+01 2.302585092994045723e+01 2.302585092994045723e+01 2.302585092994045723e+01 2.302585092994045723e+01 2.302585092994045723e+01 2.302585092994045723e+01 2.302585092994045723e+01 2.302585092994045723e+01 2.302585092994045723e+01 2.302585092994045723e+01 2.302585092994045723e+01 2.302585092994045723e+01
2.302585092994045723e+01 2.302585092994045723e+01 2.302585092994045723e+01 2.302585092994045723e+01 2.302585092994045723e+01 2.302585092994045723e+01 2.302585092994045723e+01 2.302585092994045723e+01 2.302585092994045723e+01 2.302585092994045723e+01 2.302585092994045723e+01 2.302585092994045723e+01 2.302585092994045723e+01 2.302585092994045723e+01 2.302585092994045723e+01 2.302585092994045723e+01
