5.155919770127733948e+00 2.302585092994045723e+01 2.302585092994045723e+01 2.302585092994045723e+01 2.302585092994045723e+01 2.302585092994045723e+01 2.302585092994045723e+01 2.302585092994045723e+01 2.302585092994045723e+01 2.302585092994045723e+01 2.302585092994045723e+01 2.302585092994045723e+01 2.302585092994045723e+01 2.302585092994045723e+01 2.302585092994045723e+01 2.302585092994045723e+01
2.929430620148009812e+00 1.147370475181694793e+01 2.302585092994045723e+01 2.302585092994045723e+01 2.302585092994045723e+01 2.302585092994045723e+01 2.302585092994045723e+01 2.302585092994045723e+01 2.302585092994045723e+01 2.302585092994045723e+01 2.302585092994045723e+01 2.302585092994045723e+01 2.302585092994045723e+01 2.302585092994045723e+01 2.302585092994045723e+01 2.302585092994045723e+01
2.256466112308373795e+00 5.282404648087987376e+00 1.432633618173026413e+01 2.302585092994045723e+01 2.302585092994045723e+01 2.302585092994045723e+01 2.302585092994045723e+01 2.302585092994045723e+01 2.302585092994045723e+01 2.302585092994045723e+01 2.302585092994045723e+01 2.302585092994045723e+01 2.302585092994045723e+01 2.302585092994045723e+01 2.302585092994045723e+01 2.302585092994045723e+01
2.425194067282416821e+00 3.450656569578073984e+00 5.613637886303774138e+00 1.042773619663425855e+01 2.302585092994045723e+01 2.302585092994045723e+01 2.302585092994045723e+01 2.302585092994045723e+01 2.302585092994045723e+01 2.302585092994045723e+01 2.302585092994045723e+01 2.302585092994045723e+01 2.302585092994045723e+01 2.302585092994045723e+01 2.302585092994045723e+01 2.302585092994045723e+01
4.792382683959047540e+00 3.548528120246680739e+00 3.776328017564732686e+00 4.778976103973842093e+00 9.040597597389087525e+00 2.302585092994045723e+01 2.302585092994045723e+01 2.302585092994045723e+01 2.302585092994045723e+01 2.302585092994045723e+01 2.302585092994045723e+01 2.302585092994045723e+01 2.302585092994045723e+01 2.302585092994045723e+01 2.302585092994045723e+01 2.302585092994045723e+01
2.302585092994045723e+01 4.655095994757816769e+00 4.673371406627566671e+00 3.923473310680653192e+00 4.339187475997889010e+00 6.328336863750534391e+00 1.002905077551147350e+01 2.302585092994045723e+01 2.302585092994045723e+01 2.302585092994045723e+01 2.302585092994045723e+01 2.302585092994045723e+01 2.302585092994045723e+01 2.302585092994045723e+01 2.302585092994045723e+01 2.302585092994045723e+01
2.302585092994045723e+01 5.164914732212507076e+00 5.289516210594968015e+00 4.971073293034472762e+00 4.527179582440686190e+00 4.254097907710472803e+00 5.135246589346219359e+00 7.160842706669418689e+00 7.691374362706158152e+00 2.302585092994045723e+01 2.302585092994045723e+01 2.302585092994045723e+01 2.302585092994045723e+01 2.302585092994045723e+01 2.302585092994045723e+01 2.302585092994045723e+01
2.302585092994045723e+01 5.622262397292425717e+00 5.748941987623270578e+00 5.655563902385726927e+00 5.478551104353643453e+00 4.766413458893591582e+00 4.222458654948681556e+00 4.793936465466067887e+00 5.129727154640380427e+00 5.921099284447418398e+00 8.247929704488473845e+00 1.158549615780506414e+01 2.302585092994045723e+01 2.302585092994045723e+01 2.302585092994045723e+01 2.302585092994045723e+01
2.302585092994045723e+01 6.133673480926192134e+00 6.140428700247940519e+00 6.187722769640809695e+00 6.023522970801870713e+00 5.511151740511095909e+00 5.028439095376808332e+00 4.124671819649714521e+00 4.288339589622166770e+00 4.293869247937676548e+00 5.112892297301451450e+00 5.906314902066300832e+00 8.473295930379054042e+00 2.302585092994045723e+01 2.302585092994045723e+01 2.302585092994045723e+01
2.302585092994045723e+01 6.718251244712164727e+00 6.535795249431370912e+00 6.630805593109400320e+00 6.493165263096972062e+00 6.117299915955193512e+00 5.850946369012020476e+00 4.795556173064128735e+00 4.171423790342035254e+00 3.673921878480956416e+00 3.799229061284003173e+00 4.401233919221728463e+00 5.168285214129586080e+00 6.931894294835462489e+00 8.763253589177198322e+00 2.302585092994045723e+01
2.302585092994045723e+01 7.504592779404673841e+00 7.086493264444738926e+00 7.183640541554407122e+00 7.028370446340113098e+00 6.688137937444485814e+00 6.409376800517903483e+00 5.810811047414724761e+00 4.848328324560406521e+00 4.249333092948416102e+00 3.777011458772268959e+00 3.778970477440994458e+00 3.602763227652020284e+00 3.962464031520570362e+00 5.169132908167211049e+00 8.477972478262955747e+00
2.302585092994045723e+01 8.403195087362824722e+00 7.732949240462414053e+00 7.749634513342481767e+00 7.585767571957812372e+00 7.259655923760568896e+00 6.943252931335294420e+00 6.582055139342835481e+00 5.680090362399413451e+00 5.251720081171254328e+00 4.522666662453215025e+00 4.364957150778359107e+00 3.892893398677141015e+00 3.519915041443629100e+00 4.331010378657917492e+00 5.912431579819958039e+00
2.302585092994045723e+01 9.536070512065492721e+00 8.416217274076235100e+00 8.332374754423694796e+00 8.127264822457201277e+00 7.754753184360342999e+00 7.540183724507376617e+00 7.128152604628321676e+00 6.425051390533170093e+00 6.217863391142864238e+00 5.526731030542758383e+00 5.204936319050729843e+00 5.010626544134536786e+00 4.334090168133930554e+00 5.140288502323126174e+00 6.315534017012152113e+00
2.302585092994045723e+01 1.082228141462840121e+01 9.186868015791040065e+00 8.881756308203975436e+00 8.728686125510472849e+00 8.448600399950626283e+00 8.060163992255915844e+00 7.733291647587828166e+00 7.214008737019353745e+00 7.046155648718163356e+00 6.386197451887118959e+00 5.840427280353793549e+00 5.726802923591807648e+00 5.408366635025355862e+00 6.010647366524755952e+00 8.334871634622283310e+00
2.302585092994045723e+01 1.287941719879393965e+01 1.004102696655818860e+01 9.451138858529112952e+00 9.519927279816013055e+00 9.107332621901953473e+00 8.844309333113425708e+00 8.294049640102027610e+00 7.898634867847365015e+00 7.635493904311701385e+00 7.099460727086432499e+00 6.639944336172767692e+00 6.566348807174692936e+00 6.490855793248309524e+00 6.711161062901464192e+00 8.957249744294021099e+00
2.302585092994045723e+01 1.403865410927848423e+01 1.093350704973862619e+01 1.002002136879207939e+01 1.003416587617824440e+01 9.738820930980894630e+00 9.522998430498141431e+00 8.952602175897473202e+00 8.601526339881987226e+00 8.391662468969027344e+00 7.980407465980714932e+00 7.458361772759972474e+00 7.382490082603774262e+00 7.429894662648401038e+00 7.669449002077191935e+00 9.631934862014229992e+00
2.302585092994045723e+01 2.302585092994045723e+01 1.178080491012583053e+01 1.085023749189499220e+01 1.050588036982760975e+01 1.030098449099511626e+01 1.011606215250110274e+01 9.315700887634008609e+00 9.224946524365545741e+00 8.901019124420921358e+00 8.805708944616595701e+00 8.109730080645400463e+00 7.972473516002690275e+00 8.411707683570259775e+00 9.050136620435846879e+00 1.005897245537652296e+01
2.302585092994045723e+01 2.302585092994045723e+01 1.269220565670579326e+01 1.134741102649265443e+01 1.117645322834901478e+01 1.097643209445566015e+01 1.036552301213268734e+01 9.991226466844134180e+00 9.964831182777180274e+00 9.521632310067097649e+00 9.907997708014013583e+00 8.839466708637637282e+00 8.952988649332235482e+00 8.968178814826211820e+00 9.672375831572741944e+00 1.155374745949048432e+01
2.302585092994045723e+01 2.302585092994045723e+01 1.384082836594856403e+01 1.195921256759864804e+01 1.153824327295451901e+01 1.134318269038313431e+01 1.146413530080079646e+01 1.085023749189499220e+01 1.027672751334955592e+01 1.023896028882425746e+01 1.027021283232836169e+01 9.428496381779353896e+00 9.740943623350847957e+00 9.587218023232434660e+00 9.905990682754246990e+00 1.133060390817627372e+01
2.302585092994045723e+01 2.302585092994045723e+01 1.400788245061172965e+01 1.278589114078311617e+01 1.231143316118800080e+01 1.174233862929803429e+01 1.160723614444147067e+01 1.151292546497022862e+01 1.060668506894957552e+01 1.123151300553204202e+01 1.023896028882425746e+01 1.072902392114181858e+01 1.004909152639491943e+01 1.049588482999592998e+01 1.136235260649085355e+01 1.312236337740432823e+01
2.302585092994045723e+01 2.302585092994045723e+01 1.640577772341010032e+01 1.381551055796427363e+01 1.341004544985610991e+01 1.249375471798195392e+01 1.278589114078311617e+01 1.238042603267495245e+01 1.169624752209776730e+01 1.161828598062805540e+01 1.094761165592016816e+01 1.094194591838449071e+01 1.034432080448208424e+01 1.120177103633330518e+01 1.115875365124961505e+01 1.403865410927848423e+01
2.302585092994045723e+01 2.302585092994045723e+01 2.302585092994045723e+01 1.450865773852421903e+01 1.394904195058879637e+01 1.376672039379484147e+01 1.394904195058879637e+01 1.233390601704005896e+01 1.282225878495399130e+01 1.325589477002885097e+01 1.164075883648011356e+01 1.294004182061037334e+01 1.120177103633330518e+01 1.256274758946890557e+01 1.142904398098952612e+01 1.403865410927848423e+01
2.302585092994045723e+01 2.302585092994045723e+01 2.302585092994045723e+01 1.611809565095832042e+01 1.589495209964410982e+01 1.461401825418204581e+01 1.445986757435478687e+01 1.322772389306215501e+01 1.310994085740577120e+01 1.263685556162262813e+01 1.349705682684573915e+01 1.282225878495399130e+01 1.184839820125835708e+01 1.238042603267495245e+01 1.215728248136074185e+01 2.302585092994045723e+01
2.302585092994045723e+01 2.302585092994045723e+01 2.302585092994045723e+01 1.611809565095832042e+01 2.302585092994045723e+01 1.571263054285015492e+01 2.302585092994045723e+01 1.363318900117031873e+01 1.420855314607388209e+01 1.341004544985610991e+01 1.290927016194362054e+01 1.432633618173026413e+01 1.263685556162262813e+01 1.325589477002885097e+01 2.302585092994045723e+01 2.302585092994045723e+01
2.302585092994045723e+01 2.302585092994045723e+01 2.302585092994045723e+01 2.302585092994045723e+01 2.302585092994045723e+01 1.571263054285015492e+01 2.302585092994045723e+01 1.285999911293683695e+01 1.322772389306215501e+01 1.220607264553017401e+01 1.441334755871989515e+01 2.302585092994045723e+01 1.254154538181830247e+01 1.347903832134306157e+01 2.302585092994045723e+01 2.302585092994045723e+01
2.302585092994045723e+01 2.302585092994045723e+01 2.302585092994045723e+01 2.302585092994045723e+01 2.302585092994045723e+01 2.302585092994045723e+01 1.555847986302289776e+01 1.432633618173026413e+01 1.226264299701856864e+01 1.300458034174794619e+01 2.302585092994045723e+01 1.501948336229020953e+01 1.384082836594856403e+01 2.302585092994045723e+01 2.302585092994045723e+01 2.302585092994045723e+01
2.302585092994045723e+01 2.302585092994045723e+01 2.302585092994045723e+01 2.302585092994045723e+01 2.302585092994045723e+01 1.461401825418204581e+01 1.445986757435478687e+01 1.542494847039837502e+01 1.420855314607388209e+01 2.302585092994045723e+01 2.302585092994045723e+01 2.302585092994045723e+01 2.302585092994045723e+01 2.302585092994045723e+01 2.302585092994045723e+01 2.302585092994045723e+01
2.302585092994045723e+01 2.302585092994045723e+01 2.302585092994045723e+01 2.302585092994045723e+01 2.302585092994045723e+01 2.302585092994045723e+01 1.555847986302289776e+01 2.302585092994045723e+01 2.302585092994045723e+01 2.302585092994045723e+01 2.302585092994045723e+01 1.432633618173026413e+01 2.302585092994045723e+01 2.302585092994045723e+01 2.302585092994045723e+01 2.302585092994045723e+01
2.302585092994045723e+01 2.302585092994045723e+01 2.302585092994045723e+01 2.302585092994045723e+01 2.302585092994045723e+01 2.302585092994045723e+01 2.302585092994045723e+01 2.302585092994045723e+01 2.302585092994045723e+01 2.302585092994045723e+01 2.302585092994045723e+01 2.302585092994045723e+01 2.302585092994045723e+01 2.302585092994045723e+01 2.302585092994045723e+01 2.302585092994045723e+01
2.302585092994045723e+01 2.302585092994045723e+01 2.302585092994045723e+01 2.302585092994045723e+01 2.302585092994045723e+01 2.302585092994045723e+01 2.302585092994045723e+01 2.302585092994045723e+01 2.302585092994045723e+01 1.520180491908416442e+01 2.302585092994045723e+01 1.501948336229020953e+01 2.302585092994045723e+01 2.302585092994045723e+01 2.302585092994045723e+01 2.302585092994045723e+01
