4.841126724148116622e+00 2.302585092994045723e+01 2.302585092994045723e+01 2.302585092994045723e+01 2.302585092994045723e+01 2.302585092994045723e+01 2.302585092994045723e+01 2.302585092994045723e+01 2.302585092994045723e+01 2.302585092994045723e+01 2.302585092994045723e+01 2.302585092994045723e+01 2.302585092994045723e+01 2.302585092994045723e+01 2.302585092994045723e+01 2.302585092994045723e+01
2.545597542550305903e+00 9.893537221682960237e+00 2.302585092994045723e+01 2.302585092994045723e+01 2.302585092994045723e+01 2.302585092994045723e+01 2.302585092994045723e+01 2.302585092994045723e+01 2.302585092994045723e+01 2.302585092994045723e+01 2.302585092994045723e+01 2.302585092994045723e+01 2.302585092994045723e+01 2.302585092994045723e+01 2.302585092994045723e+01 2.302585092994045723e+01
1.513374834310677430e+00 4.007268187344878996e+00 6.869737211794616272e+00 1.611809565095832042e+01 2.302585092994045723e+01 2.302585092994045723e+01 2.302585092994045723e+01 2.302585092994045723e+01 2.302585092994045723e+01 2.302585092994045723e+01 2.302585092994045723e+01 2.302585092994045723e+01 2.302585092994045723e+01 2.302585092994045723e+01 2.302585092994045723e+01 2.302585092994045723e+01
1.880592322280276729e+00 2.600669751884470138e+00 3.860027270309862590e+00 5.798400893782124754e+00 1.021819829737582808e+01 2.302585092994045723e+01 2.302585092994045723e+01 2.302585092994045723e+01 2.302585092994045723e+01 2.302585092994045723e+01 2.302585092994045723e+01 2.302585092994045723e+01 2.302585092994045723e+01 2.302585092994045723e+01 2.302585092994045723e+01 2.302585092994045723e+01
7.630176802246077195e+00 3.136541514154534305e+00 3.328830209536254525e+00 3.842412991079697804e+00 4.829157843459684685e+00 6.483861035405605655e+00 1.209274396022317077e+01 2.302585092994045723e+01 2.302585092994045723e+01 2.302585092994045723e+01 2.302585092994045723e+01 2.302585092994045723e+01 2.302585092994045723e+01 2.302585092994045723e+01 2.302585092994045723e+01 2.302585092994045723e+01
2.302585092994045723e+01 3.797799631188959690e+00 3.864587329592582776e+00 3.876511084426786713e+00 4.142742053497626031e+00 4.740680678596801201e+00 5.549821812881229555e+00 7.787232037733575751e+00 1.069204491790073241e+01 2.302585092994045723e+01 2.302585092994045723e+01 2.302585092994045723e+01 2.302585092994045723e+01 2.302585092994045723e+01 2.302585092994045723e+01 2.302585092994045723e+01
2.302585092994045723e+01 4.292632099662509582e+00 4.322878867576596562e+00 4.405057828185587887e+00 4.497280371704542645e+00 4.710164102185045998e+00 4.897205051446373858e+00 5.631219981854985512e+00 6.442842712230552493e+00 7.637566443913673453e+00 1.146890857955345489e+01 2.302585092994045723e+01 2.302585092994045723e+01 2.302585092994045723e+01 2.302585092994045723e+01 2.302585092994045723e+01
2.302585092994045723e+01 4.888023933583231617e+00 4.722459905844725192e+00 4.822194995044125854e+00 4.880824878227153718e+00 5.117947713479327199e+00 5.076638887928905497e+00 5.413055044018459938e+00 5.707895923297743757e+00 7.155255561801086017e+00 8.122704774021705987e+00 8.695124399908898738e+00 1.384082836594856403e+01 2.302585092994045723e+01 2.302585092994045723e+01 2.302585092994045723e+01
2.302585092994045723e+01 5.616788597819698303e+00 5.190907951319213787e+00 5.204790594251754499e+00 5.238398876336793464e+00 5.437303609855523412e+00 5.477097202645728302e+00 5.776611265311542454e+00 5.950562555787556107e+00 6.976837440169580518e+00 8.131080811823887089e+00 7.048052364520859925e+00 8.674139441878963908e+00 2.302585092994045723e+01 2.302585092994045723e+01 2.302585092994045723e+01
2.302585092994045723e+01 6.490163991076132177e+00 5.766682339125263290e+00 5.679109374451316583e+00 5.730986676147082015e+00 5.850329634644277021e+00 5.925817265872127315e+00 6.101458000489535571e+00 6.281469314929408299e+00 6.833111735986371116e+00 8.209800407657127153e+00 7.411108887909426457e+00 8.159518747144421269e+00 2.302585092994045723e+01 2.302585092994045723e+01 2.302585092994045723e+01
2.302585092994045723e+01 7.569694532417889477e+00 6.517353048551018269e+00 6.240952073761794061e+00 6.251661162624902346e+00 6.286936885034825728e+00 6.465910026781221731e+00 6.486416821717682524e+00 6.641552238207480308e+00 7.038433602624253105e+00 8.247929704488473845e+00 8.006467572650580067e+00 7.716144975054358923e+00 2.302585092994045723e+01 2.302585092994045723e+01 2.302585092994045723e+01
2.302585092994045723e+01 8.951443650956155906e+00 7.302354633779995829e+00 6.904062107144519622e+00 6.779581965259153797e+00 6.710421964567744091e+00 6.853148729491265634e+00 7.032185357360313915e+00 6.994539409067027869e+00 7.415668481301092463e+00 8.132951719759699216e+00 8.175733413283985840e+00 8.291752281053344831e+00 1.266810810512673235e+01 2.302585092994045723e+01 2.302585092994045723e+01
2.302585092994045723e+01 1.099413167155506166e+01 8.211548418590284726e+00 7.568435269404580445e+00 7.417539778239716775e+00 7.250316012943907040e+00 7.315986709835271995e+00 7.427621647400276750e+00 7.409497284015085228e+00 7.804243383560112157e+00 8.253195646093761439e+00 8.284891702317262130e+00 8.336852762427337638e+00 1.278589114078311617e+01 2.302585092994045723e+01 2.302585092994045723e+01
2.302585092994045723e+01 1.344394700153179123e+01 9.137554702250534788e+00 8.245259475932595450e+00 7.967988554781131327e+00 7.827301303576964742e+00 7.664907789517994452e+00 8.088662810377076795e+00 7.852445485377989698e+00 7.967627739334315784e+00 8.848827151397200552e+00 8.923658799857985713e+00 9.031357716447743655e+00 1.486533268246295236e+01 2.302585092994045723e+01 2.302585092994045723e+01
2.302585092994045723e+01 2.302585092994045723e+01 1.000054926537925937e+01 8.984799696062252039e+00 8.691546578561014869e+00 8.506253251377902558e+00 8.383755553186521325e+00 8.668016081150820895e+00 8.389459824906685625e+00 8.636539949048803066e+00 9.212091905014988313e+00 9.270090376381956432e+00 9.797777098114014649e+00 1.486533268246295236e+01 2.302585092994045723e+01 2.302585092994045723e+01
2.302585092994045723e+01 2.302585092994045723e+01 1.106823964370878244e+01 9.669206256811461841e+00 9.425701782848337373e+00 9.044402294432751788e+00 8.903039512655249510e+00 9.176905595889945033e+00 9.160836177073093722e+00 9.131067191081674750e+00 9.399384474530963374e+00 9.901489549873454976e+00 1.064898121346828219e+01 1.168727885211500706e+01 2.302585092994045723e+01 2.302585092994045723e+01
2.302585092994045723e+01 2.302585092994045723e+01 1.238042603267495245e+01 1.066277453560061872e+01 1.003416587617824440e+01 9.733744777949032922e+00 9.602642493558066761e+00 9.619813501481885964e+00 9.873443431187752140e+00 1.018452508226924103e+01 1.003132092404601217e+01 1.101215017705773924e+01 1.004160085466576291e+01 1.182081024473952802e+01 2.302585092994045723e+01 2.302585092994045723e+01
2.302585092994045723e+01 2.302585092994045723e+01 1.376672039379484147e+01 1.141761528516590296e+01 1.089773982587999512e+01 1.044994035394526932e+01 1.023546988388448931e+01 1.033735213516598961e+01 1.036552301213268734e+01 1.072446810460595756e+01 1.051137488914524987e+01 1.152297580082372974e+01 1.013541960988341728e+01 1.291942253340763891e+01 2.302585092994045723e+01 2.302585092994045723e+01
2.302585092994045723e+01 2.302585092994045723e+01 1.461401825418204581e+01 1.302705319760000435e+01 1.129983224950952092e+01 1.093350704973862619e+01 1.087634863589867784e+01 1.097060117414486591e+01 1.110247281535102459e+01 1.091134547793577347e+01 1.170529735761768464e+01 1.172364649628588040e+01 1.132852274197244924e+01 1.325589477002885097e+01 2.302585092994045723e+01 2.302585092994045723e+01
2.302585092994045723e+01 2.302585092994045723e+01 1.640577772341010032e+01 1.328488230690210337e+01 1.194370838106268273e+01 1.190596805307983530e+01 1.143134547797780520e+01 1.153312817228774811e+01 1.175181737325257814e+01 1.125056120050273734e+01 1.280390964628579376e+01 1.231143316118800080e+01 1.314768118538861863e+01 1.266810810512673235e+01 2.302585092994045723e+01 2.302585092994045723e+01
2.302585092994045723e+01 2.302585092994045723e+01 1.640577772341010032e+01 1.501948336229020953e+01 1.312236337740432823e+01 1.287941719879393965e+01 1.186960040890896018e+01 1.195921256759864804e+01 1.247395209068577415e+01 1.194370838106268273e+01 1.280390964628579376e+01 1.341004544985610991e+01 1.384082836594856403e+01 1.266810810512673235e+01 2.302585092994045723e+01 2.302585092994045723e+01
2.302585092994045723e+01 2.302585092994045723e+01 2.302585092994045723e+01 1.432633618173026413e+01 1.394904195058879637e+01 1.331473527005178425e+01 1.347903832134306157e+01 1.294004182061037334e+01 1.266810810512673235e+01 1.312236337740432823e+01 1.239844453817763004e+01 2.302585092994045723e+01 1.424629347405672775e+01 1.376672039379484147e+01 2.302585092994045723e+01 2.302585092994045723e+01
2.302585092994045723e+01 2.302585092994045723e+01 2.302585092994045723e+01 1.611809565095832042e+01 1.359236700665006481e+01 1.432633618173026413e+01 1.347903832134306157e+01 1.347903832134306157e+01 1.461401825418204581e+01 1.381551055796427363e+01 1.331473527005178425e+01 1.363318900117031873e+01 1.355314629349678235e+01 2.302585092994045723e+01 2.302585092994045723e+01 1.363318900117031873e+01
2.302585092994045723e+01 2.302585092994045723e+01 2.302585092994045723e+01 2.302585092994045723e+01 1.589495209964410982e+01 1.432633618173026413e+01 1.486533268246295236e+01 1.403865410927848423e+01 2.302585092994045723e+01 1.450865773852421903e+01 1.441334755871989515e+01 2.302585092994045723e+01 1.493944065461667314e+01 2.302585092994045723e+01 2.302585092994045723e+01 2.302585092994045723e+01
2.302585092994045723e+01 2.302585092994045723e+01 2.302585092994045723e+01 2.302585092994045723e+01 2.302585092994045723e+01 2.302585092994045723e+01 1.555847986302289776e+01 2.302585092994045723e+01 1.461401825418204581e+01 2.302585092994045723e+01 1.510649473927984054e+01 2.302585092994045723e+01 2.302585092994045723e+01 2.302585092994045723e+01 2.302585092994045723e+01 2.302585092994045723e+01
2.302585092994045723e+01 2.302585092994045723e+01 2.302585092994045723e+01 2.302585092994045723e+01 2.302585092994045723e+01 2.302585092994045723e+01 2.302585092994045723e+01 1.542494847039837502e+01 1.461401825418204581e+01 2.302585092994045723e+01 2.302585092994045723e+01 2.302585092994045723e+01 2.302585092994045723e+01 2.302585092994045723e+01 2.302585092994045723e+01 2.302585092994045723e+01
2.302585092994045723e+01 2.302585092994045723e+01 2.302585092994045723e+01 2.302585092994045723e+01 2.302585092994045723e+01 1.571263054285015492e+01 2.302585092994045723e+01 1.542494847039837502e+01 1.530716543474199121e+01 2.302585092994045723e+01 2.302585092994045723e+01 2.302585092994045723e+01 1.493944065461667314e+01 2.302585092994045723e+01 2.302585092994045723e+01 2.302585092994045723e+01
2.302585092994045723e+01 2.302585092994045723e+01 2.302585092994045723e+01 2.302585092994045723e+01 2.302585092994045723e+01 2.302585092994045723e+01 2.302585092994045723e+01 1.473180128983842962e+01 1.369772752230788981e+01 1.450865773852421903e+01 2.302585092994045723e+01 2.302585092994045723e+01 2.302585092994045723e+01 2.302585092994045723e+01 2.302585092994045723e+01 2.302585092994045723e+01
2.302585092994045723e+01 2.302585092994045723e+01 2.302585092994045723e+01 2.302585092994045723e+01 2.302585092994045723e+01 2.302585092994045723e+01 2.302585092994045723e+01 1.542494847039837502e+01 1.461401825418204581e+01 1.410319263041605531e+01 2.302585092994045723e+01 2.302585092994045723e+01 2.302585092994045723e+01 2.302585092994045723e+01 2.302585092994045723e+01 2.302585092994045723e+01
2.302585092994045723e+01 2.302585092994045723e+01 2.302585092994045723e+01 2.302585092994045723e+01 2.302585092994045723e+01 1.571263054285015492e+01 2.302585092994045723e+01 2.302585092994045723e+01 2.302585092994045723e+01 1.450865773852421903e+01 2.302585092994045723e+01 2.302585092994045723e+01 2.302585092994045723e+01 2.302585092994045723e+01 2.302585092994045723e+01 2.302585092994045723e+01
