2.489353522486767112e+00 5.449746059899620576e+00 8.020498186243973038e+00 1.074166050514633142e+01 1.280012892344588771e+01 1.520180491908416442e+01 2.302585092994045723e+01 2.302585092994045723e+01 2.302585092994045723e+01 2.302585092994045723e+01 2.302585092994045723e+01 2.302585092994045723e+01 2.302585092994045723e+01 2.302585092994045723e+01 2.302585092994045723e+01 2.302585092994045723e+01
2.302585092994045723e+01 1.630041720775227532e+01 8.013392182587210755e+00 9.309240320631065657e+00 1.177320856323389542e+01 1.450865773852421903e+01 1.643394860037679805e+01 2.302585092994045723e+01 2.302585092994045723e+01 2.302585092994045723e+01 2.302585092994045723e+01 2.302585092994045723e+01 2.302585092994045723e+01 2.302585092994045723e+01 2.302585092994045723e+01 2.302585092994045723e+01
2.302585092994045723e+01 5.429484888650621954e+00 6.907911541190440374e+00 7.794588346415086910e+00 9.594166304980866755e+00 1.059164719158503409e+01 1.091649570391208890e+01 1.240859690964164841e+01 1.229081387398526459e+01 1.428551418721001021e+01 1.598196347663373906e+01 1.520180491908416442e+01 1.581490939197057344e+01 2.302585092994045723e+01 2.302585092994045723e+01 2.302585092994045723e+01
2.302585092994045723e+01 1.121127885216807485e+01 7.172738595173352216e+00 7.797525801046896632e+00 8.746868444593662417e+00 8.915341383561544930e+00 8.580732212220725685e+00 9.239940841752472878e+00 9.380239408771579690e+00 1.039369388909938330e+01 1.082290817741920996e+01 1.051045703685502097e+01 1.021279057109087240e+01 9.293495557275639030e+00 1.000538186021746867e+01 1.033941186812900170e+01
6.831016098875100084e+00 5.624809569786909158e+00 6.266526588203660708e+00 6.545371660576423167e+00 7.127973425967241816e+00 7.162163774670992744e+00 6.748554870522772475e+00 6.919659183484961673e+00 7.270565074125757477e+00 7.451405448396171138e+00 6.823864216503247704e+00 6.463550342558042061e+00 6.222304305056661988e+00 5.449537622043643559e+00 5.484722248779627662e+00 5.860787223466365603e+00
8.606593783945955423e+00 7.041524795193925712e+00 6.342867697117616110e+00 6.255386691106542330e+00 6.682156411092862847e+00 6.569632619344278446e+00 5.829345697631547196e+00 5.787816470266210267e+00 5.495153755700241227e+00 5.486003285841142052e+00 4.629288926816032657e+00 4.384880703656787837e+00 3.873114841113164619e+00 3.065960282509275103e+00 2.873993184517049215e+00 3.108244225811583661e+00
2.302585092994045723e+01 7.256456148149293739e+00 6.549774937445715928e+00 6.076514213147730104e+00 6.818238362923123574e+00 6.121687134157955512e+00 5.086086475644253646e+00 5.467860910982776268e+00 5.051335225753985192e+00 5.012668609882429571e+00 4.364723042398872543e+00 3.596222791775174787e+00 2.934683819998290755e+00 2.224644786124786222e+00 1.902790196863387129e+00 2.031498720531109470e+00
2.302585092994045723e+01 2.302585092994045723e+01 7.185817108056927083e+00 7.068755754072407527e+00 8.017365321859788452e+00 6.443078311242126155e+00 5.527772460476048977e+00 6.042056333224041786e+00 6.153307234720615249e+00 6.569721761793971382e+00 5.487693750215694166e+00 4.504058684619679731e+00 4.356091704648575202e+00 3.524946774432060614e+00 3.269162225028134916e+00 3.402933888517837513e+00
2.302585092994045723e+01 7.592810289644746469e+00 7.871317797095144897e+00 8.449339857844952562e+00 9.494556236451478171e+00 8.121147305224564406e+00 7.048479142188164737e+00 7.802814666101041574e+00 9.404987578460774600e+00 1.028121590567269372e+01 9.220390707829684729e+00 7.700170461200751326e+00 7.545921182463916743e+00 6.610045527183511460e+00 6.945002939883804238e+00 7.362673270809831472e+00
2.302585092994045723e+01 7.618218181751769791e+00 1.093736602663767066e+01 1.263685556162262813e+01 1.249375471798195392e+01 1.309159171873757543e+01 1.136504439815656475e+01 1.325589477002885097e+01 2.302585092994045723e+01 2.302585092994045723e+01 2.302585092994045723e+01 1.428551418721001021e+01 1.581490939197057344e+01 1.317585206235531459e+01 1.567180854832990100e+01 2.302585092994045723e+01
2.302585092994045723e+01 1.194370838106268273e+01 2.302585092994045723e+01 2.302585092994045723e+01 2.302585092994045723e+01 2.302585092994045723e+01 2.302585092994045723e+01 2.302585092994045723e+01 2.302585092994045723e+01 2.302585092994045723e+01 2.302585092994045723e+01 2.302585092994045723e+01 2.302585092994045723e+01 2.302585092994045723e+01 2.302585092994045723e+01 2.302585092994045723e+01
