2.603148750000000011e-01 4.443205000000000071e-02 8.621024999999999175e-03 1.724099999999999895e-03 1.023124999999999946e-03 3.084000000000000153e-04 5.267499999999999965e-05 5.539999999999999813e-05 3.307499999999999758e-05 1.500000000000000038e-06 2.750000000000000140e-07 0.000000000000000000e+00 0.000000000000000000e+00 0.000000000000000000e+00 0.000000000000000000e+00 0.000000000000000000e+00
0.000000000000000000e+00 4.499999999999999796e-07 5.735099999999999920e-03 3.745599999999999971e-03 1.438374999999999983e-03 8.065499999999999536e-04 3.841250000000000263e-04 3.491999999999999770e-04 1.865249999999999938e-04 6.849999999999999806e-05 3.822500000000000078e-05 2.699999999999999984e-06 2.274999999999999818e-06 0.000000000000000000e+00 0.000000000000000000e+00 0.000000000000000000e+00
0.000000000000000000e+00 1.376229999999999988e-02 9.394124999999999698e-03 5.542300000000000004e-03 3.408749999999999888e-03 2.377499999999999839e-03 2.095974999999999921e-03 1.573200000000000076e-03 1.143899999999999995e-03 1.000250000000000054e-03 6.154500000000000248e-04 3.330000000000000169e-04 1.287000000000000112e-04 4.445000000000000302e-05 1.875000000000000048e-06 3.999999999999999819e-07
0.000000000000000000e+00 1.080590000000000023e-02 5.484374999999999667e-03 8.315700000000000522e-03 5.290374999999999939e-03 5.853599999999999602e-03 6.754300000000000408e-03 6.335799999999999939e-03 7.059374999999999678e-03 6.284249999999999906e-03 5.738700000000000224e-03 4.070999999999999966e-03 1.900275000000000098e-03 1.383899999999999974e-03 4.147500000000000253e-04 3.839999999999999826e-05
2.999750000000000138e-04 7.558750000000000364e-03 9.228599999999999998e-03 9.886600000000000596e-03 8.648249999999999688e-03 1.024095000000000040e-02 1.203334999999999995e-02 1.369199999999999931e-02 1.749217499999999870e-02 2.125049999999999856e-02 2.321054999999999993e-02 1.717919999999999864e-02 1.363472500000000032e-02 1.191295000000000028e-02 4.985999999999999981e-03 3.811999999999999959e-04
0.000000000000000000e+00 4.525849999999999665e-03 6.501749999999999717e-03 8.358499999999999611e-03 8.662875000000000436e-03 9.533250000000000057e-03 9.067099999999999813e-03 1.211180000000000069e-02 1.800202500000000136e-02 2.437825000000000061e-02 2.758057499999999954e-02 2.530260000000000148e-02 3.174665000000000126e-02 3.559394999999999920e-02 1.780087500000000073e-02 2.949199999999999912e-03
5.130000000000000011e-05 4.140099999999999857e-03 3.850725000000000155e-03 5.110700000000000139e-03 4.709249999999999894e-03 3.856800000000000072e-03 3.184999999999999897e-03 5.173800000000000100e-03 5.616900000000000191e-03 1.072399999999999916e-02 1.199330000000000014e-02 1.337250000000000071e-02 1.823802500000000146e-02 2.007110000000000144e-02 5.984249999999999986e-03 1.854399999999999972e-03
0.000000000000000000e+00 2.774949999999999986e-03 5.739750000000000060e-04 1.046000000000000055e-03 9.156249999999999892e-04 6.049500000000000407e-04 2.177000000000000061e-04 3.794000000000000063e-04 3.804750000000000189e-04 1.360000000000000098e-03 3.745500000000000240e-04 1.147199999999999913e-03 4.774250000000000173e-04 7.615999999999999723e-04 7.724999999999999391e-05 3.999999999999999819e-07
0.000000000000000000e+00 6.116999999999999608e-04 1.312500000000000054e-05 1.879999999999999957e-05 1.699999999999999987e-05 3.750000000000000095e-06 5.249999999999999498e-07 5.999999999999999728e-07 1.057499999999999955e-05 1.150000000000000001e-05 0.000000000000000000e+00 0.000000000000000000e+00 0.000000000000000000e+00 0.000000000000000000e+00 0.000000000000000000e+00 0.000000000000000000e+00
0.000000000000000000e+00 6.074999999999999942e-05 0.000000000000000000e+00 0.000000000000000000e+00 0.000000000000000000e+00 0.000000000000000000e+00 0.000000000000000000e+00 0.000000000000000000e+00 0.000000000000000000e+00 0.000000000000000000e+00 0.000000000000000000e+00 0.000000000000000000e+00 0.000000000000000000e+00 0.000000000000000000e+00 0.000000000000000000e+00 0.000000000000000000e+00
