9.897752499999999676e-02 6.544949999999999900e-03 6.212999999999999773e-04 4.559999999999999709e-05 3.462500000000000137e-05 4.499999999999999796e-07 0.000000000000000000e+00 0.000000000000000000e+00 0.000000000000000000e+00 0.000000000000000000e+00 0.000000000000000000e+00 0.000000000000000000e+00 0.000000000000000000e+00 0.000000000000000000e+00 0.000000000000000000e+00 0.000000000000000000e+00
0.000000000000000000e+00 3.999999999999999819e-07 5.915249999999999718e-04 2.094999999999999966e-04 6.412500000000000014e-05 2.669999999999999847e-05 5.249999999999999498e-07 0.000000000000000000e+00 0.000000000000000000e+00 0.000000000000000000e+00 0.000000000000000000e+00 0.000000000000000000e+00 0.000000000000000000e+00 0.000000000000000000e+00 0.000000000000000000e+00 0.000000000000000000e+00
0.000000000000000000e+00 6.143100000000000296e-03 2.069249999999999909e-03 9.129000000000000179e-04 4.258749999999999840e-04 3.310499999999999966e-04 1.099000000000000015e-04 7.420000000000000109e-05 4.770000000000000070e-05 8.499999999999999933e-06 1.925000000000000204e-06 0.000000000000000000e+00 4.549999999999999635e-06 0.000000000000000000e+00 3.750000000000000095e-07 0.000000000000000000e+00
0.000000000000000000e+00 2.565000000000000006e-05 1.322325000000000063e-03 7.500999999999999638e-04 7.414999999999999716e-04 7.720500000000000366e-04 4.333000000000000154e-04 9.083999999999999627e-04 5.737500000000000412e-04 1.602499999999999921e-04 1.553749999999999955e-04 1.604999999999999981e-04 1.949999999999999965e-04 2.306499999999999957e-04 2.598750000000000148e-04 3.520000000000000180e-05
1.361299999999999967e-03 5.224600000000000251e-03 2.992424999999999946e-03 1.731200000000000013e-03 2.873124999999999811e-03 2.938350000000000163e-03 2.548175000000000179e-03 4.024400000000000026e-03 3.935924999999999840e-03 1.847499999999999967e-03 2.805000000000000202e-03 3.223499999999999803e-03 4.888324999999999788e-03 7.728350000000000150e-03 8.393249999999999669e-03 3.286799999999999878e-03
2.393999999999999915e-04 1.390600000000000083e-03 2.977650000000000088e-03 2.079800000000000138e-03 4.325375000000000227e-03 4.405949999999999624e-03 6.776350000000000429e-03 9.476200000000000595e-03 8.435925000000000368e-03 9.537749999999999354e-03 1.375274999999999935e-02 1.852799999999999933e-02 4.188404999999999906e-02 4.542265000000000191e-02 5.978699999999999987e-02 3.439239999999999658e-02
0.000000000000000000e+00 1.024600000000000077e-03 3.003374999999999968e-03 2.484399999999999890e-03 3.846125000000000151e-03 7.336050000000000210e-03 1.059537500000000063e-02 1.138340000000000012e-02 1.410165000000000030e-02 1.119424999999999934e-02 1.929702499999999890e-02 3.647070000000000173e-02 7.669479999999999353e-02 6.348719999999999364e-02 1.150938749999999983e-01 7.303999999999999382e-02
0.000000000000000000e+00 0.000000000000000000e+00 1.887374999999999947e-03 7.376999999999999877e-04 8.649999999999999920e-04 4.773600000000000239e-03 5.160225000000000055e-03 6.113799999999999964e-03 4.430024999999999762e-03 2.632250000000000041e-03 3.611024999999999912e-03 1.136610000000000051e-02 1.124175000000000001e-02 9.348850000000000562e-03 2.123662499999999856e-02 1.246360000000000003e-02
0.000000000000000000e+00 6.660000000000000338e-04 1.085250000000000060e-03 1.426999999999999992e-04 1.982499999999999942e-04 8.300999999999999568e-04 1.232875000000000030e-03 1.804599999999999954e-03 2.142000000000000024e-04 1.000000000000000048e-04 5.527500000000000187e-05 1.700999999999999875e-04 4.094999999999999926e-05 2.996000000000000182e-04 1.976249999999999925e-04 1.599999999999999928e-05
0.000000000000000000e+00 6.926999999999999781e-04 7.297499999999999842e-05 1.199999999999999946e-06 3.249999999999999800e-06 2.324999999999999932e-05 2.519999999999999928e-05 1.340000000000000045e-05 0.000000000000000000e+00 0.000000000000000000e+00 0.000000000000000000e+00 0.000000000000000000e+00 0.000000000000000000e+00 0.000000000000000000e+00 0.000000000000000000e+00 0.000000000000000000e+00
0.000000000000000000e+00 9.200000000000000007e-06 0.000000000000000000e+00 0.000000000000000000e+00 0.000000000000000000e+00 0.000000000000000000e+00 0.000000000000000000e+00 0.000000000000000000e+00 0.000000000000000000e+00 0.000000000000000000e+00 0.000000000000000000e+00 0.000000000000000000e+00 0.000000000000000000e+00 0.000000000000000000e+00 0.000000000000000000e+00 0.000000000000000000e+00
