5.424269399999999131e+00
6.408088053333332645e+00
7.391906706666665272e+00
8.375725359999998787e+00
9.359544013333332302e+00
1.034336266666666582e+01
1.132718131999999756e+01
1.231099997333333107e+01
1.329481862666666458e+01
1.427863727999999810e+01
1.526245593333333161e+01
1.624627458666666513e+01
1.723009323999999864e+01
1.821391189333333216e+01
1.919773054666666567e+01
2.018154919999999919e+01
2.116536785333333270e+01
2.214918650666666622e+01
2.313300515999999973e+01
2.411682381333333325e+01
2.510064246666666676e+01
2.608446112000000028e+01
2.706827977333333379e+01
2.805209842666666731e+01
2.903591707999999727e+01
3.001973573333333078e+01
3.100355438666666430e+01
3.198737303999999781e+01
3.297119169333333133e+01
3.395501034666666129e+01
3.493882899999999836e+01
