5.153425200000000039e+00
6.442999893333333006e+00
7.732574586666666860e+00
9.022149280000000715e+00
1.031172397333333279e+01
1.160129866666666487e+01
1.289087336000000050e+01
1.418044805333333258e+01
1.547002274666666466e+01
1.675959744000000029e+01
1.804917213333333237e+01
1.933874682666666445e+01
2.062832152000000008e+01
2.191789621333333216e+01
2.320747090666666423e+01
2.449704559999999987e+01
2.578662029333333194e+01
2.707619498666666402e+01
2.836576967999999965e+01
2.965534437333333173e+01
3.094491906666666381e+01
3.223449375999999944e+01
3.352406845333332797e+01
3.481364314666666360e+01
3.610321783999999923e+01
3.739279253333332775e+01
3.868236722666666338e+01
3.997194191999999902e+01
4.126151661333332754e+01
4.255109130666666317e+01
4.384066599999999880e+01
