5.217923700000000053e+00
6.285919210000000312e+00
7.353914720000000571e+00
8.421910229999999942e+00
9.489905740000001089e+00
1.055790125000000046e+01
1.162589675999999983e+01
1.269389226999999920e+01
1.376188778000000035e+01
1.482988328999999972e+01
1.589787880000000087e+01
1.696587431000000024e+01
1.803386981999999961e+01
1.910186533000000253e+01
2.016986083999999835e+01
2.123785635000000127e+01
2.230585186000000064e+01
2.337384737000000001e+01
2.444184287999999938e+01
2.550983839000000231e+01
2.657783390000000168e+01
2.764582941000000105e+01
2.871382492000000042e+01
2.978182042999999979e+01
3.084981593999999916e+01
3.191781145000000208e+01
3.298580696000000501e+01
3.405380247000000082e+01
3.512179797999999664e+01
3.618979348999999957e+01
3.725778900000000249e+01
