1      0     0      4.47281      0.260025     95.5272      0.260025     0      0
2      0.0195344     0.00282156      47.806      1.40072     52.0999      1.3975     0.0745594      0.00410083
3      0.0335844     0.00508851      79.3839      0.957095     15.9682      0.728717     4.61425      0.233883
4      0.0364156     0.00522593      82.5727      0.929742     15.9454      0.840814     1.4455      0.118968
5      0.0354187     0.00518189      78.645      0.958368     19.2791      0.84521     2.0405      0.142801
6      0.0287031     0.00459268      70.8482      0.945028     20.5145      0.600882     8.60866      0.437661
7      8.4375e-05     3.85808e-05      51.2686      1.42707     41.4474      1.30927     7.2839      0.364808
8      0.00111563     9.17506e-05      47.2444      1.46341     42.6613      1.31894     10.0932      0.434557
9      0.00111563     9.17506e-05      69.0122      1.15189     24.7822      0.920222     6.20451      0.251973
10      0.00105     8.42058e-05      59.8148      1.17252     40.1561      1.17202     0.02805      0.00208061
11      0     0      6.15982      0.227191     93.8402      0.227191     0      0
