1      0     0      0.288244      0.0184168     99.7118      0.0184168     0      0
2      1.25e-05     5.99479e-06      6.7437      0.225677     93.0188      0.224196     0.237503      0.00225093
3      0.00101563     8.70805e-05      16.4938      0.470633     60.4007      0.317745     23.1045      0.167138
4      0.00106875     8.78742e-05      18.3087      0.512973     67.1634      0.507016     14.5268      0.314076
5      0.00107188     8.81682e-05      16.5243      0.498046     73.8458      0.510378     9.62883      0.290984
6      0.0015125     0.00013091      9.22547      0.292876     63.0708      0.275429     27.7022      0.345464
7      0.0006     0.000173169      6.94559      0.235972     66.882      0.238751     26.1718      0.254768
8      0.00397187     0.000200151      8.35587      0.408731     61.8492      0.244606     29.791      0.252588
9      0.00397187     0.000200151      14.6084      0.568208     67.58      0.460468     17.8076      0.130991
10      0.00370313     0.000200402      11.8146      0.491231     88.0841      0.49132     0.0976406      0.00336817
11      0     0      1.34131      0.078403     98.6587      0.078403     0      0
