1      0     0      3.26716      0.209626     96.7328      0.209626     0      0
2      0.0101844     0.00127515      50.342      2.35117     49.6324      2.34982     0.0153969      0.000991519
3      0.0182813     0.00158721      60.88      2.19867     35.6623      2.0106     3.43939      0.189511
4      0.018275     0.00158778      54.5137      2.00266     41.0786      1.75342     4.3894      0.2696
5      0.0171687     0.00151549      47.4858      2.11362     35.6605      1.19702     16.8366      0.953372
6      5.3125e-05     1.80115e-05      36.4823      1.66515     49.2504      1.23385     14.2673      0.851268
7      0.00183125     0.00017711      35.1554      1.76858     48.645      1.2207     16.1978      0.953336
8      0.00183125     0.00017711      55.3981      2.48781     35.0585      1.94026     9.54159      0.551722
9      0.00175     0.000167996      48.6229      2.50971     51.3258      2.50625     0.0495344      0.00432039
10      0     0      4.31939      0.228327     95.6806      0.228327     0      0
