0.0214895	0.0152867	0.00813738	0.00315431	0.00288344	0.00355905	0.00403187	0.0195589	0.0324088	0.0327046
0.0156593	0.0256183	0.018764	0.0135244	0.00657988	0.00823101	0.0257384	0.0378432	0.0384477	0.0322056
0.00870819	0.0181986	0.0265172	0.0214043	0.0123078	0.0233246	0.0379805	0.0402303	0.0365601	0.0104197
0.00329058	0.0129506	0.0217043	0.0348497	0.0408478	0.0490848	0.0434914	0.0392216	0.0128897	0.00463588
0.00280495	0.00660054	0.012898	0.0386804	0.0596923	0.0567494	0.0427434	0.0168499	0.00718561	0.00422812
0.00329915	0.0082311	0.0249424	0.0485191	0.0570715	0.0606458	0.0304279	0.0128642	0.00469269	0.00259703
0.00389993	0.0239019	0.0380386	0.0431668	0.0437168	0.0303388	0.0295775	0.0195364	0.0203943	0.00558913
0.0210797	0.037903	0.0402727	0.0391824	0.0176015	0.0119755	0.0187933	0.0252878	0.0172375	0.00784819
0.0323331	0.0382948	0.0365927	0.0127156	0.0072403	0.00458725	0.0202907	0.0168164	0.024532	0.0131796
0.0327987	0.0319655	0.0109575	0.00460477	0.00401716	0.00263783	0.00508271	0.00713386	0.0131496	0.0206505
