275.5   17.213298621394333   17.210130926609736
276.5   17.12085608398175   18.453077102572536
277.5   17.02131268951036   19.77691070822408
278.5   16.914296138417736   21.18289478233396
279.5   16.799441395044866   22.671589419100712
280.5   16.67639564514854   24.242738335789113
281.5   16.544823727739885   25.895155436019536
282.5   16.404413984732184   27.626614972137816
283.5   16.25488445099038   29.433749429607076
284.5   16.09598928094478   31.311959796705025
285.5   15.927525286874921   33.25534316913135
286.5   15.749338437625529   35.25664285154926
287.5   15.56133015023404   37.307225943193004
288.5   15.36346318699679   39.397093084700714
289.5   15.155766964497293   41.51492424701286
290.5   14.938342074569203   43.64816346358589
291.5   14.711363826881422   45.78314398584857
292.5   14.475084634316268   47.90525375299933
293.5   14.22983509042788   49.99913918520048
294.5   13.976023620006549   52.04894341894513
295.5   13.714134627617769   54.03857316078913
296.5   13.44472511776045   55.95198661542361
297.5   13.168419812915507   57.7734934863353
298.5   12.885904850935354   59.48805703296222
299.5   12.597920195673623   61.08158765373807
300.5   12.305250943918784   62.541217536295534
301.5   12.00871775086019   63.85554658123752
302.5   11.709166628165754   65.01485102005827
303.5   11.407458388362281   66.01124782245975
304.5   11.104458012888387   66.83881006390752
305.5   10.801024219722022   67.4936306442108
306.5   10.497999484318607   67.97383408660244
307.5   10.196200742864255   68.27953834344696
308.5   9.896410970388006   68.41277051013515
309.5   9.599371783097553   68.3773419963459
310.5   9.3057771737355   68.17868989862113
311.5   9.016268440079658   67.82369211131493
312.5   8.731430327470111   67.32046401074616
313.5   8.451788365103235   66.67814446899547
314.5   8.177807343762547   65.9066784928774
315.5   7.909890854027575   65.01660305578842
316.5   7.6483817838283565   64.01884176238629
317.5   7.393563660473281   62.924512926172156
318.5   7.145662712394587   61.74475455776678
319.5   6.90485052524845   60.49056868542034
320.5   6.671247168412718   59.17268643440544
321.5   6.444924673501583   57.801454401952974
322.5   6.2259107560933895   56.3867421083445
323.5   6.014192682922984   54.9378696953883
324.5   5.809721197748804   53.46355456712711
325.5   5.612414433244324   51.97187534326642
326.5   5.422161747014292   50.4702512691702
327.5   5.238827433982348   48.96543513809841
328.5   5.062254275704146   47.463517743596185
329.5   4.892266900444797   45.96994194702561
330.5   4.728674933451312   44.48952453410939
331.5   4.571275927312052   43.02648418151757
332.5   4.419858066476577   41.58447401302473
333.5   4.274202646641362   40.166617399644686
334.5   4.134086333072335   38.775545831753206
335.5   3.9992832051504985   37.41343786724988
336.5   3.869566596927204   36.08205832099477
337.5   3.7447107444267447   34.78279701048644
338.5   3.624492251878174   33.51670651387439
339.5   3.508691388777422   32.28453851226354
340.5   3.3970932298813725   31.0867783983888
341.5   3.289488649379908   29.923677919051123
342.5   3.185675180482522   28.795285704615303
343.5   3.0854577495917606   27.70147558903808
344.5   2.988649294620997   26.641972688953857
345.5   2.895071274702046   25.61637724277923
346.5   2.8045540782735614   24.624186246186767
347.5   2.716937335471269   23.664812947238158
348.5   2.6320701396344024   22.737604279229075
349.5   2.5498111822515663   21.841856325517412
350.5   2.470028805164799   20.97682791895337
351.5   2.392600973414227   20.14175248485023
352.5   2.317415171919089   19.335848238777984
353.5   2.2443682293615095   18.55832685382947
354.5   2.173366072765495   17.808400711330773
355.5   2.104323416891391   17.085288849392654
356.5   2.037163392613822   16.38822172118439
357.5   1.9718171197802048   15.7164448754874
358.5   1.9082232302129147   15.069221668858026
359.5   1.8463273474048518   14.44583511681245
360.5   1.786081530347119   13.845588991043808
361.5   1.727443689327003   13.267808265233619
362.5   1.6703769820211323   12.711839009985573
363.5   1.614849198725627   12.17704783405633
364.5   1.5608321455067014   11.662820964536476
365.5   1.5083010341268954   11.168563054174165
366.5   1.4572338872090498   10.693695798121626
367.5   1.407610966596081   10.237656435159511
368.5   1.3594142322336402   9.799896203040074
369.5   1.3126268379261132   9.37987880743669
370.5   1.267232669208179   8.977078956596905
371.5   1.2232159276737378   8.59098100516148
372.5   1.1805607646243284   8.221077740895936
373.5   1.1392509658152716   7.866869339294908
374.5   1.0992696879599833   7.527862503007216
375.5   1.060599246319325   7.203569793871031
376.5   1.0232209519052937   6.893509158975808
377.5   0.9871149957697161   6.597203645033412
378.5   0.9522603771814985   6.314181289808596
379.5   0.9186348719021106   6.043975175490395
380.5   0.8862150363113652   5.786123624823566
381.5   0.8549762428438858   5.5401705186439205
382.5   0.8248927421705883   5.30566571263664
383.5   0.7959377474123012   5.0821655299154
384.5   0.7680835359722269   4.869233307321004
385.5   0.7413015646302683   4.666439973463131
386.5   0.715562593982643   4.473364639086982
387.5   0.690836818526246   4.289595181377931
388.5   0.66709399923845   4.114728807004331
389.5   0.6443035957470885   3.948372580486309
390.5   0.6224348957413814   3.7901439070639413
391.5   0.601457139611375   3.639670961969641
392.5   0.5813396386784805   3.4965930597628017
393.5   0.5620518858640736   3.3605609601596154
394.5   0.5435636577954746   3.231237108059492
395.5   0.5258451078223342   3.10829580760708
396.5   0.5088668495536611   2.991423331348279
397.5   0.4926000308687906   2.880317966951058
398.5   0.4770163983875718   2.7746900044104503
399.5   0.4620883527415071   2.6742616681550215
400.5   0.4477889949218445   2.578766998221183
401.5   0.4340921642098681   2.487951685577764
402.5   0.420972468190278   2.4015728665279124
403.5   0.4084053054496139   2.319398881395437
404.5   0.39636688151009336   2.2412090023047755
405.5   0.38483421869062795   2.1667931353323966
406.5   0.37378516042220034   2.0959515011746337
407.5   0.36319837067925176   2.028494299173866
408.5   0.3530533290829838   1.9642413584835319
409.5   0.3433303222200163   1.9030217801912581
410.5   0.3340104317141109   1.8446735737990263
411.5   0.32507551952179237   1.7890432910749512
412.5   0.31650821090038284   1.73598565989546
413.5   0.30829187547194525   1.6853632205733633
414.5   0.30041060673830994   1.6370459665981818
415.5   0.2928492003920007   1.590910991521869
416.5   0.2855931317257605   1.5468421435160293
417.5   0.27862853240225016   1.504729688768828
418.5   0.2719421668186437   1.4644699846660725
419.5   0.2655214082877352   1.4259651636011874
420.5   0.2593542151856232   1.3891228278913559
421.5   0.25342910724257056   1.3538557562582318
422.5   0.2477351421074343   1.320081622193692
423.5   0.24226189227156975   1.2877227242041294
424.5   0.23699942247783354   1.2567057281287823
