275.5   11.596921850887643   27.554863972450732
276.5   11.21437629483611   30.90815505381717
277.5   10.781813632308998   34.32705781155303
278.5   10.299518394165132   37.68029527464087
279.5   9.769885135532025   40.812184871636504
280.5   9.197656791901943   43.55409032917285
281.5   8.589956506162766   45.740850376096176
282.5   7.9560615624889905   47.2300357767931
283.5   7.306909688429908   47.9205615821639
284.5   6.65438146635916   47.76668410127606
285.5   6.010452922744632   46.78413308393846
286.5   5.386342969972596   45.04696643053374
287.5   4.791780485273825   42.676062777836094
288.5   4.234485657176507   39.82212547879643
289.5   3.719910815745377   36.64699618639132
290.5   3.2512336803787485   33.30680183313113
291.5   2.8295553044426014   29.939313090558752
292.5   2.454233611732131   26.656443921806343
293.5   2.123281163468228   23.541578881602103
294.5   1.8337672544410495   20.650648633291773
295.5   1.58218246191822   18.015607896824832
296.5   1.3647422965262856   15.649072082380894
297.5   1.177621890056253   13.549163012959069
298.5   1.0171242603130641   11.703953940059534
299.5   0.8797907828381195   10.095200397684458
300.5   0.7624650416352068   8.701259927208767
301.5   0.6623213989606903   7.499238977499203
302.5   0.5768684464564608   6.466475042526621
303.5   0.5039357354642604   5.58148659490544
304.5   0.4416503163230019   4.824520666613612
305.5   0.38840791171192435   4.177811482056045
306.5   0.34284212133286907   3.625642124038894
307.5   0.30379392923010695   3.1542798739555566
308.5   0.2702829356247026   2.7518370788873843
309.5   0.24148111850119536   2.408094049238492
310.5   0.21668949760717215   2.114308581843185
311.5   0.1953177816702401   1.8630278337712933
312.5   0.17686689143262463   1.647911888809693
313.5   0.16091413825234557   1.4635739214229138
314.5   0.14710077848266132   1.3054388921904438
315.5   0.13512164127614643   1.169620812638247
316.5   0.12471652980984231   1.0528174884898434
317.5   0.11566311425704613   0.9522210539651085
318.5   0.10777106243368108   0.8654423691202637
319.5   0.10087718613869924   0.7904473391255642
320.5   0.09484141431660979   0.7255033361269663
321.5   0.08954343591570614   0.6691340962872457
322.5   0.08487988417403051   0.620081683143865
323.5   0.0807619593254947   0.5772743266631353
324.5   0.07711340800206308   0.5397991485187331
325.5   0.07386879505696305   0.5068789606787125
326.5   0.07097201748635287   0.47785247382134644
327.5   0.0683750210058034   0.4521573750109544
328.5   0.06603668819067558   0.42931583337477436
329.5   0.06392187339528652   0.40892207163096417
330.5   0.062000564392786485   0.3906317039304726
331.5   0.060247154185908675   0.37415258982777505
332.5   0.05863980910439932   0.35923699359428934
333.5   0.05715992129195934   0.34567486935079617
334.5   0.05579163525776237   0.3332881181070327
335.5   0.05452143942719597   0.32192568385147
336.5   0.05333781465041099   0.3114593734113674
337.5   0.05223093252116562   0.3017802998535174
338.5   0.0511923971427134   0.2927958621770165
339.5   0.05021502466220592   0.2844271852523081
340.5   0.04929265553899297   0.27660695391698675
341.5   0.04841999508357908   0.26927758381676237
342.5   0.0475924783261056   0.2623896792323639
343.5   0.0468061557632686   0.2559007349638035
344.5   0.04605759694821725   0.24977404518798502
345.5   0.0453438093001507   0.24397778754545063
346.5   0.044662169844239506   0.23848425518724617
347.5   0.04401036791233027   0.23326921353114788
348.5   0.04338635710967424   0.22831136192629117
349.5   0.042788315097298246   0.22359188341809078
350.5   0.04221460994799167   0.21909406835443543
351.5   0.041663772022662596   0.21480299980885606
352.5   0.04113447047476093   0.21070529068643223
353.5   0.04062549362210895   0.20678886395655552
354.5   0.040135732551067414   0.2030427688683448
355.5   0.03966416741549368   0.19945702714131883
356.5   0.03920985597947115   0.19602250410886315
357.5   0.038771924024976444   0.19273080061650402
358.5   0.03834955731077204   0.18957416218677914
359.5   0.03794199481795075   0.18654540253231175
360.5   0.037548523060966905   0.18363783898601532
361.5   0.0371684712848526   0.1808452378493439
362.5   0.03680120739321342   0.17816176796971378
363.5   0.03644613448316296   0.17558196116804028
364.5   0.036102687882474456   0.17310067836402437
365.5   0.03577033260253739   0.17071308044568154
366.5   0.03544856113565581   0.16841460309295683
367.5   0.03513689153765179   0.16620093490094343
368.5   0.034834865746811716   0.16406799825998553
369.5   0.034542048101582006   0.162011932557627
370.5   0.034258024018986526   0.16002907930654856
371.5   0.033982398812551856   0.15811596892088406
372.5   0.03371479662360206   0.15626930886907903
373.5   0.033454859447547974   0.15448597299293668
374.5   0.03320224624386855   0.15276299183539582
375.5   0.032956632111879866   0.15109754380797044
376.5   0.03271770752790643   0.1494869471041365
377.5   0.03248517763072502   0.1479286522367936
378.5   0.03225876155215717   0.1464202351337572
379.5   0.03203819178556535   0.1449593907152015
380.5   0.03182321358750107   0.14354392689404033
381.5   0.03161358440990671   0.14217175895641834
382.5   0.03140907335824738   0.1408409042751609
383.5   0.031209460676416678   0.13954947733663384
384.5   0.031014537250482428   0.13829568502671713
385.5   0.030824104136430427   0.1370778221819018
386.5   0.030637972105391244   0.1358942673618375
387.5   0.03045596120749791   0.1347434788363757
388.5   0.030277900352383678   0.13362399076690826
389.5   0.030103626907165233   0.1325344095765742
390.5   0.02993298630904267   0.13147341048785718
391.5   0.029765831692623212   0.13043973422074334
392.5   0.02960202353286096   0.12943218384895205
393.5   0.029441429300357487   0.12844962179352723
394.5   0.029283923131523493   0.1274909669597645
395.5   0.029129385511180203   0.12655519200180862
396.5   0.028977702967127632   0.12564132070877884
397.5   0.02882876777836789   0.12474842551515278
398.5   0.028682477694763803   0.12387562512269792
399.5   0.028538735667170106   0.12302208222598324
400.5   0.028397449590213165   0.12218700134775719
401.5   0.02825853205579578   0.12136962677309591
402.5   0.028121900116154393   0.12056924057434472
403.5   0.027987475058417855   0.11978516073277372
404.5   0.027855182188114825   0.11901673934351568
405.5   0.02772495062312786   0.11826336090799217
406.5   0.027596713096393482   0.1175244407043299
407.5   0.02747040576731913   0.11679942323369563
408.5   0.027345968042828055   0.11608778074443997
409.5   0.027223342406433843   0.11538901182550686
410.5   0.027102474254150813   0.11470264006226175
411.5   0.02698331174029749   0.11402821276604903
412.5   0.02686580562907084   0.11336529975854195
413.5   0.02674990915436918   0.11271349221975528
414.5   0.02663557788550312   0.11207240158847634
415.5   0.02652276960046926   0.11144165852074153
416.5   0.026411444165316142   0.11082091189886178
417.5   0.026301563419379302   0.11020982788894322
418.5   0.02619309106618618   0.10960808904478939
419.5   0.02608599257083499   0.10901539346049587
420.5   0.025980235061309972   0.10843145396007643
421.5   0.025875787236363974   0.10785599733405023
422.5   0.025772619277445303   0.10728876361149814
423.5   0.025670702765109986   0.10672950536859309
424.5   0.02557001060027532   0.10617798707408112
