275.75   12.911841255753089   2.63344813023258
277.25   12.877831407146564   2.84278766980799
278.75   12.834006107044141   3.0420355776277006
280.25   12.78247526261926   3.2208407348399817
281.75   12.726938605753901   3.3705690439913383
283.25   12.672452239605983   3.486987293650543
284.75   12.624806740853707   3.572146876170194
286.25   12.589657904302122   3.6344345572124723
287.75   12.571677967086359   3.6865927199603448
289.25   12.57398926333841   3.742564177310072
290.75   12.598005754999427   3.814506174386537
292.25   12.643635203527957   3.910969103448224
293.75   12.709686617124593   4.036462506557257
295.25   12.794316783090375   4.192022301153571
296.75   12.895403208654006   4.376204698781493
298.25   13.01079798782464   4.586060245014863
299.75   13.138466327978675   4.817868219677848
301.25   13.276537506973954   5.0675937729470775
302.75   13.423301302456885   5.331126708561243
304.25   13.577178402978396   5.604388795421073
305.75   13.736685436653913   5.88338600270535
307.25   13.900407366800206   6.164256305942018
308.75   14.066983339814428   6.443336563185682
310.25   14.235106970980327   6.7172498414126665
311.75   14.403538512615507   6.983000783405259
313.25   14.571124355059359   7.238061125532255
314.75   14.736818705761749   7.48042937383758
316.25   14.899702845284706   7.708654916532623
317.75   15.058998658364507   7.921824772781832
319.25   15.214074749301801   8.119518004236511
320.75   15.364444967463017   8.301737118511
322.25   15.509760318405394   8.468827253110362
323.75   15.649795913835442   8.621392987636199
325.25   15.784434836326728   8.76022034722206
326.75   15.913650677397017   8.886208778691497
328.25   16.037490181296317   9.00031537661448
329.75   16.156057027104268   9.103511605614074
331.25   16.269497379106145   9.196751604176313
332.75   16.377987514447813   9.28095029842791
334.25   16.48172357552958   9.356969512666126
335.75   16.5809133373297   9.425610178452814
337.25   16.67576977870736   9.487609026900316
338.75   16.76650620107011   9.54363846313646
340.25   16.853332636289743   9.594308516051626
341.75   16.936453295062154   9.640170108906489
343.25   17.016064835533545   9.681719096733843
344.75   17.092355269586097   9.719400596524622
346.25   17.16550334695064   9.753613427518474
347.75   17.235678297212424   9.784714411436028
349.25   17.303039828317594   9.813022475637752
350.75   17.36773830725554   9.83882247126951
352.25   17.42991506367315   9.86236869634564
353.75   17.489702773739666   9.88388810267918
355.25   17.54722589078467   9.903583214184835
356.75   17.602601100138713   9.921634755392233
358.25   17.655937781116368   9.938204014134442
359.75   17.7073384643011   9.9534349619546
361.25   17.75689927608143   9.967456154814897
362.75   17.804710365908107   9.980382423089793
364.25   17.85085631132285   9.99231640218261
365.75   17.89541650248812   10.003349862063146
367.25   17.938465500822225   10.01356493412709
368.75   17.980073376666073   10.023035166033367
370.25   18.020306022562867   10.031826486562863
371.75   18.059225445616423   10.039998047572624
373.25   18.096890038013623   10.04760298754286
374.75   18.133354829213364   10.054689086638177
376.25   18.168671718014583   10.061299373599752
377.75   18.20288968839374   10.067472646110332
379.25   18.236055008997536   10.073243934603909
380.75   18.268211417163737   10.078644920591557
382.25   18.299400289214038   10.083704304464163
383.75   18.329660798731563   10.088448115323672
385.25   18.359030061335023   10.092900012410496
386.75   18.387543269922553   10.09708152635551
388.25   18.415233818473315   10.101012295233943
389.75   18.442133418257065   10.104710242372278
391.25   18.46827220342583   10.108191767798985
392.75   18.49367882989853   10.111471896914054
394.25   18.518380566760644   10.11456441523336
395.75   18.542403380675704   10.117481991513102
397.25   18.565772014543146   10.12023628023286
398.75   18.588510059596818   10.122838026751992
400.25   18.61064002360918   10.125297138791495
401.75   18.632183392811953   10.12762277390857
403.25   18.65316069079169   10.129823394434425
404.75   18.673591532038174   10.131906837920553
406.25   18.693494672503114   10.133880367380982
407.75   18.71288805666465   10.135750717168662
409.25   18.731788861455662   10.13752413305707
410.75   18.75021353645668   10.139206422973757
412.25   18.768177842418755   10.140802984858396
413.75   18.78569688705725   10.14231883681839
415.25   18.802785158191845   10.143758649170195
416.75   18.819456555056295   10.14512677068069
418.25   18.835724417457726   10.146427254564117
419.75   18.851601553314495   10.147663880002256
421.25   18.867100264790597   10.148840166759669
422.75   18.882232371846886   10.149959406690868
424.25   18.897009235774465   10.151024669004755
