275.5   3.9929443755576446   26.260564760150153
276.5   3.858473771404058   25.687592543742028
277.5   3.7247396195303373   25.090750332932465
278.5   3.5918531447720623   24.471339321900885
279.5   3.4599391421852763   23.830799773065472
280.5   3.3291363239976324   23.170721522416763
281.5   3.1995971735252504   22.49285193467001
282.5   3.0714872619051015   21.799100315897043
283.5   2.9449840040768773   21.0915378572752
284.5   2.8202748562674684   20.3723923281117
285.5   2.69755498410345   19.6440369496419
286.5   2.5770244590676943   18.90897316535147
287.5   2.4588850690805835   18.16980736226986
288.5   2.343336851963509   17.429221958663238
289.5   2.230574479596132   16.689941641125305
290.5   2.1207836318928246   15.95469586826738
291.5   2.0141375022206742   15.226179027631154
292.5   1.9107935706665833   14.507009819012751
293.5   1.8108907668150989   13.799691511019482
294.5   1.7145471226532807   13.106574683094204
295.5   1.621857989386793   12.429823917543606
296.5   1.5328948616247906   11.771389663604445
297.5   1.4477048222070747   11.132986185947445
298.5   1.3663105908480175   10.516076152209434
299.5   1.2887111345198856   9.921862053307537
300.5   1.2148827760376262   9.351284302018733
301.5   1.1447807223243718   8.805025554677295
302.5   1.0783409245536277   8.283520557831352
303.5   1.0154821790917514   7.786970650768994
304.5   0.9561083800387312   7.315361955443954
305.5   0.9001108401745654   6.8684862535615085
306.5   0.8473706065282783   6.445963579467606
307.5   0.7977607078840552   6.047265630401432
308.5   0.7511482838333702   5.671739203792235
309.5   0.7073965574678523   5.318628999494338
310.5   0.666366625260014   4.987099259045872
311.5   0.6279190486760281   4.676253850915629
312.5   0.5919152408085634   4.385154533282657
313.5   0.5582186493628288   4.112837240739859
314.5   0.5266957429081016   3.8583263334851527
315.5   0.4972168120691122   3.6206468268723255
316.5   0.4696566002430129   3.3988346777390595
317.5   0.44389478031753987   3.191945247439239
318.5   0.4198162948633329   2.9990600913689662
319.5   0.3973115772057901   2.8192922406071044
320.5   0.37627667045781443   2.6517901495718816
321.5   0.3566132605290575   2.4957404821744693
322.5   0.3382286379770404   2.3503699031120147
323.5   0.3210356021550788   2.2149460305627726
324.5   0.3049523196410237   2.088777693741625
325.5   0.28990214748387727   1.97121462468744
326.5   0.2758134303263969   1.8616466986484137
327.5   0.2626192792074464   1.7595028233906866
328.5   0.25025733852449683   1.6642495633315675
329.5   0.23866954658932096   1.575389571831092
330.5   0.22780189416930993   1.492459892874124
331.5   0.21760418459859607   1.4150301831531449
332.5   0.20802979818955172   1.3427008955596675
333.5   0.19903546317084927   1.27510145782912
334.5   0.19058103468091298   1.211888472100056
335.5   0.1826292830279059   1.1527439560254527
336.5   0.17514569194015842   1.0973736403814378
337.5   0.16809826730005684   1.0455053343828136
338.5   0.16145735656988372   0.9968873662606358
339.5   0.155195478916989   0.9512871038148316
340.5   0.1492871659252277   0.9084895576097062
341.5   0.14370881261642857   0.8682960674122406
342.5   0.1384385384636154   0.8305230713498488
343.5   0.13345605796357715   0.7950009558999774
344.5   0.12874256036053466   0.7615729844174384
345.5   0.12428059801156417   0.7300943008921965
346.5   0.12005398293584951   0.7004310056222341
347.5   0.11604769103179943   0.6724592989200588
348.5   0.11224777351380344   0.6460646891984579
349.5   0.10864127505716438   0.6211412613175556
350.5   0.10521615821772834   0.5975910014674108
351.5   0.10196123367811932   0.5753231747469093
352.5   0.09886609590685069   0.5542537517994328
353.5   0.09592106382065738   0.5343048809180013
354.5   0.09311712609155136   0.5154044023576836
355.5   0.09044589073800692   0.49748540162683436
356.5   0.0878995386685814   0.48048579876049236
357.5   0.08547078087946257   0.4643479708126611
358.5   0.08315281901156295   0.44901840490774747
359.5   0.0809393090099841   0.434447379450388
360.5   0.0788243276306913   0.42058867118037685
361.5   0.07680234157145782   0.4073992859974396
362.5   0.0748681790243806   0.39483921165254265
363.5   0.0730170034375587   0.3828711904162021
364.5   0.07124428932730477   0.3714605101755521
365.5   0.06954579996058304   0.36057481236026334
366.5   0.06791756676864949   0.3501839153588545
367.5   0.0663558703412353   0.34025965208490344
368.5   0.06485722288207069   0.33077572055728216
369.5   0.06341835200479011   0.32170754639650234
370.5   0.0620361857595301   0.31303215623462965
371.5   0.060707838797144004   0.30472806116420664
372.5   0.05943059957009146   0.2967751493396225
373.5   0.05820191849705681   0.28915458702561964
374.5   0.05701939701121007   0.28184872737504924
375.5   0.055880777416593114   0.27484102627384904
376.5   0.05478393349434341   0.26811596469773874
377.5   0.05372686180193535   0.26165897705986635
378.5   0.052707673601848706   0.25545638501203266
379.5   0.05172458737707607   0.24949533629027412
380.5   0.050775921887557016   0.24376374819194457
381.5   0.04986008972290024   0.23825025529792415
382.5   0.04897559131427469   0.23294416110321847
383.5   0.04812100936894483   0.22783539323704882
384.5   0.0472950037002522   0.2229144620093023
385.5   0.04649630641081619   0.2181724219624205
386.5   0.045723717420350384   0.21360083627565152
387.5   0.044976100293729865   0.2091917437107943
388.5   0.04425237835915411   0.20493762795887718
389.5   0.043551531087926455   0.200831389167021
390.5   0.04287259072192592   0.19686631750361858
391.5   0.04221463912548159   0.1930360685798734
392.5   0.04157680484811991   0.18933464059982155
393.5   0.04095826038134117   0.18575635309942923
394.5   0.04035821959771516   0.18229582716516282
395.5   0.039775935354983034   0.17894796700167104
396.5   0.039210697257224356   0.1757079427648843
397.5   0.038661829561210045   0.1725711745624285
398.5   0.038128689214462254   0.16953331752147355
399.5   0.037610664021318685   0.16659024786906468
400.5   0.03710717092126136   0.1637380499217402
401.5   0.03661765437905238   0.16097300394933317
402.5   0.03614158487188361   0.15829157482038897
403.5   0.03567845747335951   0.15569040139926252
404.5   0.035227790522072276   0.15316628661838808
405.5   0.03478912437190848   0.1507161881890819
406.5   0.034362020219399096   0.1483372099098235
407.5   0.03394605900138171   0.14602659352335523
408.5   0.03354084035683119   0.14378171107774082
409.5   0.03314598165312538   0.14160005777595785
410.5   0.03276111706735075   0.1394792452583434
411.5   0.03238589672372833   0.13741699530832302
412.5   0.03201998587883083   0.1354111339321231
413.5   0.03166306415608873   0.13345958580774922
414.5   0.03131482482331943   0.13156036906380691
415.5   0.030974974110948194   0.1297115903693537
416.5   0.03064323057043131   0.12791144032183022
417.5   0.030319324467176414   0.12615818910085475
418.5   0.030002997207887214   0.1244501823786611
419.5   0.029694000800806978   0.12278583747352592
420.5   0.02939209734411183   0.1211636397184649
421.5   0.029097058543992128   0.1195821390460299
422.5   0.028808665256721037   0.11803994675809415
423.5   0.028526707058378235   0.11653573249091048
424.5   0.028250981835673296   0.11506822134271341
