275.5   8.80202360927763   61.883725695284866
276.5   8.775517611960478   61.54801051477277
277.5   8.735402085067461   61.22837298435368
278.5   8.68140912369948   60.924180957760385
279.5   8.613365300652609   60.63350799326501
280.5   8.53120223490378   60.35309751031109
281.5   8.434965894866167   60.078375994529665
282.5   8.32482414889304   59.803520895458064
283.5   8.201072093019967   59.521586219809635
284.5   8.064134738472477   59.22468550711591
285.5   7.914566721985745   58.904228119961644
286.5   7.753048814774361   58.55120087011454
287.5   7.580381145116764   58.156483315220676
288.5   7.397473200450188   57.71118198244618
289.5   7.205330835463791   57.206966664316
290.5   7.0050406656630715   56.63639106617242
291.5   6.7977523587564175   55.993180614275424
292.5   6.584659443163425   55.27247215563581
293.5   6.366979318677119   54.470993425085055
294.5   6.145933180503968   53.58717422560687
295.5   5.9227265497447705   52.62118585046118
296.5   5.698531043993626   51.57490992656903
297.5   5.474467931865331   50.45184215209542
298.5   5.251593896132797   49.2569399580355
299.5   5.030889301439813   47.99642571653992
300.5   4.813249126301735   46.67755859821166
301.5   4.599476591215899   45.308388572824924
302.5   4.390279399020679   43.89750544707789
303.5   4.186268408185928   42.453794448372236
304.5   3.9879584865784397   40.98620791862221
305.5   3.7957712434272364   39.50356042858005
306.5   3.610039311034017   38.014352295274676
307.5   3.4310118403441603   36.52662425630915
308.5   3.25886088485162   35.04784408041838
309.5   3.093688370828441   33.584824259188274
310.5   2.9355333828127885   32.143668653969094
311.5   2.7843795323457443   30.729745100284795
312.5   2.6401622158357654   29.347680420637417
313.5   2.502775608887298   28.001374077391635
314.5   2.3720792800484247   26.694026689976955
315.5   2.2479043421391367   25.428179841935233
316.5   2.1300590883168344   24.205763913966994
317.5   2.0183340851048484   23.02815107219113
318.5   1.9125067156408535   21.896210973667415
319.5   1.8123451817803562   20.81036717693233
320.5   1.717611986662929   19.770652664985867
321.5   1.628066927516038   18.776763260961758
322.5   1.5434696345439844   17.828108053285717
323.5   1.4635816950294622   16.923856232974572
324.5   1.3881684031796948   16.06297998361453
325.5   1.3170001762706018   15.24429325827208
326.5   1.249853676212233   14.466486426251945
327.5   1.1865126740201237   13.728156890714674
328.5   1.1267686917984985   13.027835857280424
329.5   1.070421454278819   12.364011493319673
330.5   1.0172791787904036   11.735148751161775
331.5   0.9671587298027667   11.139706149601922
332.5   0.9198856608350515   10.576149809130044
333.5   0.8752941643604988   10.042965038496938
334.5   0.8332269470742448   9.538665751955055
335.5   0.7935350461028975   9.061801986815494
336.5   0.7560775991037229   8.61096576691616
337.5   0.7207215795675747   8.184795540309672
338.5   0.687341506761206   7.7819793966121
339.5   0.6558191381960584   7.401257248171109
340.5   0.6260431513156325   7.041422140317491
341.5   0.597908819735027   6.701320834657996
342.5   0.5713176885519903   6.379853793529287
343.5   0.5461772521793439   6.07597467491919
344.5   0.5224006376814336   5.78868943524103
345.5   0.4999062956686968   5.517055120492787
346.5   0.47861770054446867   5.26017841730546
347.5   0.45846306123748654   5.017214022261735
348.5   0.4393750434341987   4.787362881284941
349.5   0.4212905037346963   4.569870339502546
350.5   0.40415023615394796   4.3640242376132
351.5   0.3878987310582   4.16915298318149
352.5   0.3724839465240675   3.98462362056189
353.5   0.3578570919049379   3.8098399179318747
354.5   0.34397242340701195   3.6442404871858116
355.5   0.3307870512995833   3.487296948131014
356.5   0.3182607583581013   3.338512145983852
357.5   0.30635582913585885   3.197418429216023
358.5   0.29503688957197466   3.06357599225638
359.5   0.2842707564888528   2.9365712865243982
360.5   0.27402629645913895   2.8160155013658135
361.5   0.2642742935765546   2.7015431158525045
362.5   0.25498732567328836   2.592810521631884
363.5   0.24613964845286257   2.489494715430202
364.5   0.23770708714742098   2.3912920605733112
365.5   0.22966693520520495   2.297917115262899
366.5   0.22199785962252264   2.2091015259369775
367.5   0.2146798124762706   2.1245929830625343
368.5   0.2076939482971815   2.044154237167349
369.5   0.20102254690098537   1.967562172423821
370.5   0.19464894132427696   1.8946069351165649
371.5   0.1885574505509739   1.8250911145210513
372.5   0.1827333166857702   1.7588289732479987
373.5   0.17716264631272824   1.6956457247917522
374.5   0.17183235575193567   1.6353768556026156
375.5   0.16673011993639467   1.577867489085978
376.5   0.1618443246860285   1.5229717893048649
377.5   0.1571640221564099   1.4705524021465908
378.5   0.15267888922014797   1.42047993149377
379.5   0.14837918860399424   1.3726324484955774
380.5   0.1442557325931375   1.326895031916087
381.5   0.14029984912134363   1.283159337593437
382.5   0.13650335008822467   1.241323195228848
383.5   0.1328585017485794   1.2012902307754392
384.5   0.12935799704837334   1.162969512939845
385.5   0.12599492973965912   1.1262752219670868
386.5   0.1227627702057375   1.0911263397412378
387.5   0.11965534282806921   1.0574463593791217
388.5   0.11666680482558936   1.0251630133732221
389.5   0.11379162644754141   0.9942080189177822
390.5   0.11102457244297219   0.9645168394385263
391.5   0.10836068470776977   0.9360284611562264
392.5   0.10579526603719383   0.9086851837823993
393.5   0.10332386490630532   0.8824324243859502
394.5   0.10094226121507925   0.8572185336350252
395.5   0.09864645292323806   0.832994623512163
396.5   0.09643264352523964   0.8097144058434931
397.5   0.09429723030798107   0.7873340409207397
398.5   0.0922367933311017   0.765811995494562
399.5   0.09024808509604079   0.7451089096445758
400.5   0.08832802084204561   0.725187471812162
401.5   0.08647366944524121   0.7060123016135857
402.5   0.0846822448651649   0.6875498397934446
403.5   0.08295109811756164   0.6697682449746987
404.5   0.08127770972680201   0.6526372966711121
405.5   0.0796596826328443   0.6361283042022129
406.5   0.07809473552611267   0.6202140211545799
407.5   0.07658069657857974   0.6048685650009733
408.5   0.07511549754251301   0.5900673415215758
409.5   0.07369716820396328   0.5757869738050901
410.5   0.07232383115645209   0.5620052354421946
411.5   0.07099369688532539   0.5487009877329502
412.5   0.06970505913259235   0.5358541205670062
413.5   0.06845629053523365   0.5234454968303178
414.5   0.06724583851237513   0.5114569000576558
415.5   0.06607222138731587   0.49987098514010037
416.5   0.06493402473418786   0.48867123192668527
417.5   0.06382989792849733   0.4778419014924012
418.5   0.06275855089362033   0.4673679949368485
419.5   0.061718751032553185   0.4572352145707994
420.5   0.06070932032767669   0.447429927296925
421.5   0.059729132605539706   0.43793913010385416
422.5   0.05877711094851467   0.4287504174837267
423.5   0.057852225254761205   0.41985195073378073
424.5   0.05695348992820188   0.4112324289528364
